    2    1.507896667e+02    8.538945238e+02    6.819403333e-03    8.489141036e-03   -6.397083333e-01    1.951041642e+00
    3    7.006600000e+02    6.716868445e+02    1.884970000e-03    5.788522066e-03    1.104193333e-01    1.009770377e+00
    4    5.578226667e+02    5.514987389e+02    7.038796667e-03    4.168396632e-03   -1.136220333e-01    6.012366670e-01
    5    1.129756667e+03    4.703634852e+02    4.642296667e-03    3.144653071e-03    3.865740000e-01    3.936986835e-01
    6    4.214320000e+02    4.136222725e+02    2.413803333e-03    2.459557070e-03   -5.565366667e-03    2.759167029e-01
    7    8.654766667e+02    3.727100433e+02    5.627516667e-03    1.975525502e-03   -8.615860000e-02    2.032706962e-01
    8    5.861800000e+02    3.422346829e+02    3.624663333e-03    1.618093543e-03   -5.047510000e-02    1.554605609e-01
    9    7.642896667e+02    3.189946571e+02    4.572143333e-03    1.345506737e-03    1.609030000e-01    1.224118181e-01
   10    6.497650000e+02    3.009228228e+02    3.547020000e-03    1.132984991e-03    1.015210000e-01    9.868350787e-02
   11    6.522713333e+02    2.865077715e+02    2.247970000e-03    9.745729581e-04   -3.541443000e-02    8.152350919e-02
   12    5.377580000e+02    2.751517130e+02    3.286246667e-03    8.374906475e-04    5.884736667e-02    6.812460416e-02
   13    4.103620000e+02    2.658008469e+02    1.221933333e-03    7.267499947e-04   -2.592487333e-02    5.774601460e-02
   14    7.984616667e+02    2.578604570e+02    1.667810000e-03    6.364630628e-04   -1.026920000e-03    4.955117023e-02
   15    9.716410000e+02    2.512026039e+02    9.804096667e-04    5.621486587e-04    2.836225333e-02    4.299468266e-02
   16    6.132380000e+02    2.457621579e+02    1.705843333e-03    5.003983470e-04   -1.818665667e-02    3.768879292e-02
   17    1.189620000e+03    2.413701108e+02    7.783683333e-04    4.485807380e-04   -1.274306667e-02    3.334121514e-02
   18    6.994400000e+02    2.376449059e+02    1.361806667e-03    4.046855442e-04   -1.541247000e-02    2.972276533e-02
   19    8.320326667e+02    2.347317125e+02    1.648290000e-03    3.671657200e-04    2.847740000e-02    2.669338080e-02
   20    8.200050000e+02    2.321046093e+02    1.149875000e-03    3.348300686e-04   -1.423713333e-03    2.411056090e-02
   21    6.733983333e+02    2.298206003e+02    1.113100000e-03    3.067538302e-04   -1.746303333e-02    2.189504634e-02
   22    4.279580000e+02    2.279106874e+02    1.176066667e-03    2.822152157e-04    5.397466667e-03    1.998362641e-02
   23    5.304470000e+02    2.262906729e+02    1.015059000e-03    2.606603213e-04    4.634000550e-03    1.832221368e-02
   24    7.943093333e+02    2.249473750e+02    1.175496667e-03    2.415766938e-04   -2.363486667e-02    1.686820204e-02
   25    7.053280000e+02    2.238399257e+02    8.171423333e-04    2.246483191e-04    1.278898333e-02    1.558977732e-02
   26    9.006126667e+02    2.229085684e+02    9.339163333e-04    2.095519978e-04    9.843793333e-03    1.445828495e-02
   27    9.962083333e+02    2.221878608e+02    1.001697000e-03    1.960359167e-04   -2.139923333e-02    1.345373889e-02
   28    1.055012667e+03    2.216302668e+02    1.058750000e-03    1.838885463e-04   -2.223973333e-02    1.255710831e-02
   29    8.492056667e+02    2.212362305e+02    7.894950000e-04    1.729327118e-04   -1.350095667e-02    1.175392053e-02
   30    1.128093333e+03    2.209613923e+02    8.081236667e-04    1.630173392e-04    1.353315000e-02    1.103085587e-02
   31    1.036277333e+03    2.207967338e+02    6.727230000e-04    1.540137906e-04    2.184066667e-04    1.037757307e-02
   32    1.507030000e+03    2.207551114e+02    8.253356667e-04    1.458132208e-04   -1.714590000e-02    9.785822166e-03
   33    9.954786667e+02    2.208490505e+02    7.792740000e-04    1.383205566e-04    1.571610000e-02    9.248474202e-03
   34    1.063895000e+03    2.210296560e+02    7.084296667e-04    1.314560306e-04   -3.948450000e-03    8.758250988e-03
   35    5.592586667e+02    2.212711757e+02    1.328106667e-03    1.251484458e-04    1.234814000e-02    8.309314037e-03
   36    7.374810000e+02    2.215890619e+02    7.015556667e-04    1.193382445e-04    1.497307000e-02    7.897454371e-03
   37    1.437550000e+03    2.219396883e+02    6.609833333e-04    1.139725953e-04    6.482450000e-04    7.517964450e-03
   38    1.444080000e+03    2.224164743e+02    6.782660000e-04    1.090059771e-04   -9.168836667e-03    7.169018893e-03
   39    1.161496667e+03    2.229943729e+02    6.073863333e-04    1.043981078e-04    3.328426667e-03    6.847091563e-03
   40    1.702476667e+03    2.236121366e+02    6.710290000e-04    1.001139526e-04   -1.827063333e-02    6.548596209e-03
   41    1.068013000e+03    2.242858234e+02    5.572513333e-04    9.612286320e-05   -4.020781667e-03    6.271520043e-03
   42    1.353176667e+03    2.249758701e+02    6.048526667e-04    9.239732074e-05    3.769253333e-03    6.013314186e-03
   43    1.198083333e+03    2.256990103e+02    8.371960000e-04    8.891371877e-05   -2.310623333e-03    5.772497355e-03
   44    1.458166667e+03    2.264533401e+02    5.608670000e-04    8.565004307e-05    1.557450000e-03    5.547478697e-03
   45    1.053612667e+03    2.272725080e+02    5.057040000e-04    8.258747067e-05    7.674516667e-03    5.337285444e-03
   46    7.917563333e+02    2.281538323e+02    2.892946667e-04    7.970908653e-05    2.757400000e-03    5.140614203e-03
   47    1.711583333e+03    2.290600071e+02    7.027346667e-04    7.699919286e-05    3.806575333e-03    4.955907823e-03
   48    1.115781333e+03    2.300069708e+02    5.534726667e-04    7.444475927e-05   -1.274495333e-02    4.782378475e-03
   49    1.461200000e+03    2.309759984e+02    3.223086667e-04    7.203281617e-05    5.225673333e-04    4.618921814e-03
   50    1.203222000e+03    2.319996621e+02    4.871913333e-04    6.975253074e-05    1.043100000e-04    4.465073299e-03
   51    6.984936667e+02    2.330759223e+02    5.873706667e-04    6.759391753e-05   -6.953087333e-03    4.320069864e-03
