0 0.0 0.0
1 0.0 0.0
2 -0.006363234941860571 2.5709595158619196
3 -0.006100166537919414 0.6855053052786448
4 0.001573377990832883 0.25102396499553564
5 0.003209100774881408 0.11018702691978342
6 0.0011630364276925085 0.05461929744265386
7 -0.0032926017538915404 0.03077667908942876
8 0.002667288269103753 0.01759001543680514
9 -0.0014550715641721223 0.011284453763128853
10 0.00032254007361354995 0.007459317268224654
11 -0.0003515215620915862 0.005112970149299686
12 0.0004234020242537845 0.0036840891363830197
13 0.0005555914904245083 0.002654053087494792
14 0.000552497910083555 0.0020293750270082784
15 0.00023741366793711096 0.0014476536438926158
16 -0.0007202846082226035 0.0011591091043370982
17 0.000483179785726717 0.0009076842944838056
18 0.0005213332219080507 0.0007197978628240285
19 -0.00016120214843505246 0.0005920446095862536
20 -0.00018807917642653957 0.00047835325495817864
21 -0.0002576502612369858 0.0003994199347156521
22 -0.00015344753189327974 0.0003354165310242212
23 -0.0003935253485241889 0.0002847725395811855
24 3.274514042428904e-05 0.0002299902292232923
25 -1.566988010696827e-05 0.00019927005753119097
26 4.475107474370188e-06 0.00017133336955987838
27 5.47752865136981e-05 0.0001507864896352348
28 -1.2615439920511972e-05 0.00013347580658982545
29 0.00013752712134272772 0.000116385127519702
30 3.1713487755211653e-05 0.00010360378189236195
31 -0.00010790169088553947 9.27299877242409e-05
32 8.343520541230086e-05 7.816486137908762e-05
33 -0.00011269037545214109 7.16109259257907e-05
34 1.309663670467272e-05 6.467850759560187e-05
35 7.480505145139542e-05 5.958501819580262e-05
36 -9.616110040950147e-06 5.312167493497658e-05
37 4.092146960282946e-05 4.8219335219738605e-05
38 7.260250710526001e-06 4.2935664249175434e-05
39 0.00013757757680404713 3.852850106004677e-05
40 -5.4648330943443645e-05 3.627487545622763e-05
41 2.7462689161038972e-06 3.229899641377655e-05
42 -7.101563468632827e-05 2.933049429616599e-05
43 -2.7332575974425105e-05 2.7071948323851408e-05
44 -7.034930550079346e-06 2.5770350799914137e-05
45 3.003845058439368e-06 2.3217798431346485e-05
46 7.905048673614618e-05 2.150991593618931e-05
47 -3.382069996487126e-05 2.011781787237806e-05
48 -1.8238351061447406e-05 1.9254550130330324e-05
49 6.1356016408671e-06 1.7883521950714954e-05
50 -1.495053290850567e-05 1.6553251342405295e-05
51 -4.526785125239219e-05 1.5573820172954754e-05
52 -4.284783232880706e-05 1.477637324053258e-05
53 4.1367333960833345e-05 1.3392212844255072e-05
54 -1.3609354941656243e-05 1.272002965809402e-05
55 -4.027210713919121e-05 1.2265024621502422e-05
56 -1.7940267910288055e-05 1.1439367882168725e-05
57 3.734276940161953e-05 1.0385543568210374e-05
58 1.905308608009418e-05 9.999585639620591e-06
59 -3.3852726956848238e-06 9.823149026357814e-06
60 4.276406567441907e-06 9.151948296913065e-06
61 1.833583742886391e-07 8.621612929521236e-06
62 8.622590236429398e-06 8.429122393686744e-06
63 9.031934660008039e-06 7.54794854815734e-06
64 5.5865550637434935e-05 7.3914749564143165e-06
65 1.130300609082641e-05 7.1232429683290865e-06
66 -6.374658961897819e-06 6.610995115303164e-06
67 -3.334563488527767e-05 6.315220798949717e-06
68 -1.8403874155291037e-05 5.919659042610483e-06
69 1.2962903442317719e-05 5.787397477894439e-06
70 1.5580595367223536e-05 5.645135871168353e-06
71 2.18345194315234e-05 5.278839608721859e-06
72 2.9945054716665798e-05 5.1087540832175355e-06
73 -2.7412811131629356e-06 4.893674798285015e-06
74 -9.879508690201747e-06 4.644916445063004e-06
75 -2.7670740856608548e-05 4.45836714997319e-06
76 2.0906989131231832e-05 4.3715451597452395e-06
77 -1.9774902277200813e-06 4.185734072311139e-06
78 -3.7583747913459866e-05 3.986126705883411e-06
79 -5.5287442141925515e-06 3.7260365810424025e-06
80 -1.826672689773285e-05 3.733370815365032e-06
81 -2.7155475218147213e-05 3.4818426438719913e-06
82 -2.401553854785724e-05 3.395562546633574e-06
83 -8.472129353062491e-06 3.2665451644903058e-06
84 1.3316355979424871e-05 3.152707423356996e-06
85 1.9985888627704108e-05 2.960417935145552e-06
86 -3.065264828914945e-05 3.0044909495973516e-06
87 1.3620126556842517e-06 2.79314528137243e-06
88 -2.1612155093260916e-05 2.7061907188581287e-06
89 -1.0748124591545286e-05 2.6866418637367825e-06
90 -6.375493206026182e-06 2.605208368181864e-06
91 -2.7340824933070234e-05 2.4742594181737905e-06
92 -2.9333489170627204e-05 2.357630839432435e-06
93 1.607887012870335e-05 2.335682447864934e-06
94 1.4372056528608518e-05 2.2085269218619533e-06
95 1.3766260741936118e-05 2.180121892491186e-06
96 -8.117938146297001e-06 2.1074973910468974e-06
97 -2.8675891783258953e-06 2.030159111117238e-06
98 4.131290082401044e-06 1.9961305176986746e-06
99 8.656598757539943e-06 1.9397299387793146e-06
100 -1.9449979934574816e-05 1.834042536597913e-06
101 6.303387635549659e-06 1.8422990912165534e-06
102 1.3000749322770427e-05 1.7715823939260688e-06
103 -9.862173213735225e-06 1.7233639032074669e-06
104 5.669432608791158e-07 1.655433623958511e-06
105 6.2401287621076855e-06 1.625329902907295e-06
106 1.282873831103707e-07 1.5700135185896774e-06
107 -1.3415611308952827e-05 1.488211189890476e-06
108 -4.171958089999202e-06 1.502801653326685e-06
109 2.1973692659547284e-05 1.4582122785064276e-06
110 -1.9231612800877765e-06 1.4259807776511587e-06
111 -1.5258985478756117e-05 1.3410183264216284e-06
112 -1.9588511949607916e-05 1.3456237235274271e-06
113 -1.3787118163293974e-05 1.2855189410280247e-06
114 2.463966990399136e-07 1.2595552631316298e-06
115 1.0399557979824407e-05 1.2512208933383554e-06
116 1.821926256579792e-05 1.2137666084351275e-06
117 -7.716069693592353e-07 1.172249718090669e-06
118 7.72837857495411e-06 1.141396316094466e-06
119 1.9454201451688085e-05 1.089317033814015e-06
120 2.6532713263471696e-06 1.0636686635947611e-06
121 2.27493592505165e-06 1.0440058062232556e-06
122 -2.336804781529283e-06 1.0171833485001591e-06
123 1.06161361982677e-05 1.0046371273543122e-06
124 7.078036576747944e-06 9.944369681288212e-07
125 4.505538290436967e-06 9.363726683851855e-07
126 -8.949552627799152e-06 9.120582683575636e-07
127 -4.674244327778121e-06 9.091807418386326e-07
128 4.688955356504864e-06 8.786765132582297e-07
