-0.011487660229124041 0.43960213823151045
-0.011260181808745348 0.0
-0.011032703388366653 0.0
-0.01080522496798796 0.0
-0.010577746547609266 0.0
-0.010350268127230573 0.0
-0.010122789706851877 0.0
-0.009895311286473184 0.0
-0.00966783286609449 0.43960213823150707
-0.009440354445715796 0.43960213823151045
-0.009212876025337102 0.0
-0.008985397604958409 0.8792042764630209
-0.008757919184579716 0.0
-0.00853044076420102 1.3188064146945313
-0.008302962343822327 0.43960213823150707
-0.008075483923443632 2.198010691157552
-0.007848005503064939 0.43960213823151045
-0.007620527082686245 5.275225658778105
-0.007393048662307551 2.6376128293890626
-0.007165570241928858 3.956419244083579
-0.006938091821550163 4.396021382315104
-0.00671061340117147 9.231644902861685
-0.006483134980792776 8.792042764630175
-0.0062556565604140815 7.473236349935677
-0.006028178140035388 10.55045131755621
-0.005800699719656694 14.506870561639845
-0.0055732212992780005 18.46328980572337
-0.005345742878899306 21.10090263511242
-0.005118264458520612 24.178117602733074
-0.004890786038141919 27.69493470858505
-0.0046633076177632245 35.168171058520834
-0.004435829197384531 42.641407408456345
-0.004208350777005837 47.47703092900294
-0.003980872356627143 57.14827797009635
-0.0037533939362484493 50.11464375839219
-0.003525915515869756 70.77594425527263
-0.003298437095491061 72.97395494643072
-0.0030709586751123674 83.08480412575547
-0.002843480254733674 83.08480412575484
-0.002616001834354979 97.59167468739531
-0.0023885234139762856 108.14212600495156
-0.002161044993597592 122.6489965665914
-0.0019335665732188988 124.4074051195165
-0.0017060881528402037 119.13217946073932
-0.0014786097324615104 129.24302864006407
-0.001251131312082817 142.8706949252398
-0.001023652891704122 139.3538778193888
-0.0007961744713254285 145.50830775462995
-0.0005686960509467352 150.3439312751754
-0.00034121763056804005 145.06870561639843
-0.00011373921018934668 136.71626498999976
0.00011373921018934668 159.5755761780383
0.00034121763056804005 139.35387781938772
0.0005686960509467352 145.50830775462995
0.0007961744713254285 137.15586712823125
0.001023652891704122 128.80342650183158
0.001251131312082817 128.36382436360105
0.0014786097324615104 129.24302864006407
0.0017060881528402037 126.16581367244252
0.0019335665732188988 109.46093241964608
0.002161044993597592 99.35008324032135
0.0023885234139762856 100.66888965501589
0.002616001834354979 93.1956533050795
0.002843480254733674 87.04122336983906
0.0030709586751123674 72.97395494643072
0.003298437095491061 58.46708438479043
0.003525915515869756 71.6551485317362
0.0037533939362484493 56.708675831864845
0.003980872356627143 38.24538602614141
0.004208350777005836 31.21175181443724
0.004435829197384529 33.84936464382579
0.004663307617763226 32.090956090900264
0.00489078603814192 19.78209622041797
0.005118264458520613 18.463289805723438
0.005345742878899306 18.463289805723438
0.005573221299278 14.506870561639845
0.005800699719656693 15.825676976334377
0.006028178140035386 10.550451317556089
0.006255656560414083 7.033634211704167
0.006483134980792777 8.792042764630208
0.00671061340117147 8.792042764630208
0.006938091821550163 7.473236349935677
0.007165570241928857 3.956419244083594
0.00739304866230755 1.3188064146945313
0.0076205270826862435 3.5168171058520294
0.00784800550306494 2.6376128293890626
0.008075483923443634 1.3188064146945313
0.008302962343822327 1.3188064146945313
0.00853044076420102 1.3188064146945313
0.008757919184579714 0.8792042764630209
0.008985397604958407 1.7584085529260147
0.009212876025337104 0.8792042764630209
0.009440354445715797 0.0
0.00966783286609449 0.0
0.009895311286473184 0.0
0.010122789706851877 0.0
0.01035026812723057 0.0
0.010577746547609264 0.0
0.010805224967987961 0.0
0.011032703388366654 0.0
0.011260181808745348 0.0
0.011487660229124041 
