-0.004567096790149521 0.0
-0.00447665922994854 0.0
-0.0043862216697475595 0.0
-0.004295784109546579 0.0
-0.004205346549345599 2.2114705389612133
-0.004114908989144618 1.1057352694806066
-0.0040244714289436375 1.1057352694806066
-0.003934033868742657 2.2114705389612133
-0.003843596308541676 0.0
-0.0037531587483406953 0.0
-0.0036627211881397146 0.0
-0.0035722836279387343 2.2114705389612133
-0.0034818460677377536 3.3172058084418197
-0.003391408507536773 1.105735269480612
-0.0033009709473357926 7.740146886364245
-0.003210533387134812 4.4229410779224265
-0.003120095826933831 2.2114705389612133
-0.0030296582667328504 8.845882155844853
-0.0029392207065318697 8.845882155844896
-0.0028487831463308894 11.057352694806065
-0.0027583455861299087 7.740146886364245
-0.002667908025928928 7.7401468863642835
-0.0025774704657279476 19.903234850650918
-0.002487032905526967 23.220440659092738
-0.002396595345325986 25.43191119805395
-0.0023061577851250055 40.91220497078244
-0.0022157202249240247 36.489263892860194
-0.0021252826647230444 50.8638223961079
-0.0020348451045220637 57.49823401299154
-0.001944407544321083 71.87279251623977
-0.0018539699841201027 89.56455682792912
-0.001763532423919122 99.51617425325459
-0.0016730948637181412 106.15058587013823
-0.0015826573035171605 127.15955599026975
-0.0014922197433161798 149.2742613798826
-0.0014017821831151995 151.4857319188431
-0.0013113446229142188 190.18646635066432
-0.001220907062713238 184.6577900032622
-0.0011304695025122578 191.29220162014494
-0.001040031942311277 238.83881820781102
-0.0009495943821102963 256.5305825195007
-0.0008591568219093156 297.44278749028314
-0.0007687192617083349 285.27969952599784
-0.0006782817015073546 306.2886696461295
-0.0005878441413063743 328.40337503574017
-0.0004974065811053936 339.4607277305462
-0.00040696902090441283 356.0467567727553
-0.0003165314607034321 358.2582273117165
-0.00022609390050245138 413.54499078574685
-0.00013565634030147065 375.9499916234062
-4.521878010048993e-05 375.9499916234062
4.5218780100490796e-05 401.3819028214602
0.00013565634030147152 383.69013850977416
0.00022609390050245138 360.46969785067773
0.0003165314607034321 351.6238156948329
0.00040696902090441283 360.46969785067773
0.0004974065811053936 311.81734599353103
0.0005878441413063743 351.6238156948329
0.000678281701507355 298.5485227597638
0.0007687192617083357 279.75102317859614
0.0008591568219093156 289.7026406039189
0.0009495943821102963 260.9535235974231
0.001040031942311277 208.98396593183463
0.0011304695025122578 195.71514269806735
0.0012209070627132385 189.08073108118373
0.0013113446229142192 179.12911365585825
0.0014017821831152 158.12014353572673
0.0014922197433161807 128.26529125975034
0.0015826573035171614 110.57352694806173
0.0016730948637181412 108.36205640909944
0.001763532423919122 90.67029209740973
0.0018539699841201027 78.50720413312307
0.0019444075443210834 60.81543982143336
0.002034845104522064 47.54661658766608
0.002125282664723045 43.123675509743656
0.0022157202249240256 38.7007344318216
0.0023061577851250055 32.066322814937585
0.002396595345325986 23.220440659092738
0.002487032905526967 21.008970120131526
0.0025774704657279476 14.374558503247885
0.0026679080259289284 17.691764311689706
0.002758345586129909 11.057352694806065
0.00284878314633089 11.057352694806065
0.0029392207065318705 1.1057352694806066
0.0030296582667328513 2.211470538961234
0.003120095826933831 3.3172058084418197
0.003210533387134812 4.4229410779224265
0.0033009709473357926 3.3172058084418516
0.0033914085075367724 1.105735269480596
0.003481846067737754 1.105735269480617
0.003572283627938734 0.0
0.0036627211881397155 2.211470538961234
0.0037531587483406953 0.0
0.003843596308541677 0.0
0.003934033868742657 0.0
0.004024471428943638 0.0
0.004114908989144618 0.0
0.004205346549345598 0.0
0.00429578410954658 0.0
0.0043862216697475595 0.0
0.004476659229948541 1.105735269480617
0.004567096790149521 
