-0.0038216687592768773 0.0
-0.0037459921501822855 0.0
-0.003670315541087694 1.321412272516138
-0.0035946389319931023 1.3214122725161455
-0.003518962322898511 0.0
-0.003443285713803919 0.0
-0.0033676091047093277 0.0
-0.003291932495614736 1.321412272516138
-0.003216255886520144 2.642824545032291
-0.0031405792774255527 0.0
-0.0030649026683309613 3.964236817548414
-0.0029892260592363695 9.249885907612965
-0.0029135494501417777 1.321412272516138
-0.002837872841047186 6.607061362580726
-0.0027621962319525945 3.964236817548436
-0.002686519622858003 15.856947270193656
-0.0026108430137634113 3.964236817548414
-0.0025351664046688194 14.5355349976776
-0.002459489795574228 17.17835954270989
-0.0023838131864796367 18.49977181522593
-0.002308136577385045 23.78542090529048
-0.002232459968290453 44.92801726554868
-0.002156783359195861 27.749657722839057
-0.00208110675010127 43.606604993032796
-0.0020054301410066784 42.28519272051641
-0.0019297535319120866 55.49931544567779
-0.0018540769228174948 79.28473635096873
-0.0017784003137229034 77.96332407845213
-0.0017027237046283116 99.1059204387109
-0.0016270470955337202 84.57038544103283
-0.0015513704864391284 120.24851679896925
-0.001475693877344537 130.81981497909763
-0.0014000172682499452 137.42687634167834
-0.0013243406591553534 161.21229724696974
-0.001248664050060762 212.74737587509821
-0.0011729874409661702 181.03348133471192
-0.0010973108318715788 248.42550723303393
-0.001021634222776987 294.6749367711004
-0.0009459576136823956 253.7111563230985
-0.0008702810045878038 295.99634904361653
-0.0007946043954932124 285.4250508634858
-0.0007189277863986205 310.5318840412924
-0.0006432511773040287 331.6744804015525
-0.0005675745682094373 332.99589267406674
-0.0004918979591148455 438.7088744753603
-0.00041622135002025414 404.35215538993816
-0.0003405447409256623 408.31639220748895
-0.00026486813183107093 408.3163922074866
-0.00018919152273647911 421.530514932648
-0.0001135149136418873 405.6735676624566
-3.783830454729591e-05 422.8519272051641
3.783830454729591e-05 358.10272585187334
0.00011351491364188773 426.81616402271743
0.00018919152273647868 406.9949799349705
0.0002648681318310705 384.5309713021961
0.0003405447409256623 397.7450940273575
0.00041622135002025414 362.0669626694218
0.000491897959114846 358.10272585187744
0.0005675745682094369 332.99589267406674
0.0006432511773040287 335.638717219099
0.0007189277863986205 305.24623495122785
0.0007946043954932124 297.3177613161344
0.0008702810045878033 280.13940177342124
0.0009459576136823951 221.99726178271115
0.001021634222776987 214.06878814761433
0.0010973108318715788 210.1045513300659
0.0011729874409661706 187.64054269729374
0.0012486640500607615 170.4621831545818
0.0013243406591553534 158.56947270193655
0.0014000172682499452 147.99817452180744
0.001475693877344537 107.0343940738084
0.001551370486439128 97.7845081661942
0.0016270470955337198 67.39202589832303
0.0017027237046283116 63.42778908077462
0.0017784003137229034 71.35626271587145
0.0018540769228174952 52.856490900646115
0.0019297535319120862 55.49931544567779
0.002005430141006678 43.60660499303255
0.00208110675010127 44.92801726554868
0.0021567833591958616 38.320955902968436
0.0022324599682904526 19.82118408774207
0.0023081365773850444 21.142596360258207
0.0023838131864796362 21.142596360258207
0.002459489795574228 15.856947270193656
0.00253516640466882 17.178359542709988
0.002610843013763411 9.249885907612965
0.0026865196228580026 6.607061362580689
0.0027621962319525945 2.642824545032276
0.0028378728410471863 5.285649090064552
0.002913549450141778 3.964236817548459
0.002989226059236369 1.321412272516138
0.003064902668330961 1.321412272516138
0.0031405792774255527 0.0
0.0032162558865201445 0.0
0.0032919324956147355 0.0
0.0033676091047093273 0.0
0.003443285713803919 0.0
0.003518962322898511 0.0
0.0035946389319931027 1.321412272516153
0.0036703155410876937 0.0
0.0037459921501822855 1.321412272516138
0.0038216687592768773 
