-0.007033429638004547 0.0
-0.006894153803588615 0.7179996473857857
-0.006754877969172683 0.7179996473857857
-0.006615602134756752 0.7179996473857857
-0.00647632630034082 0.0
-0.006337050465924888 0.0
-0.006197774631508957 0.0
-0.006058498797093025 1.4359992947715714
-0.0059192229626770934 0.0
-0.005779947128261162 0.7179996473857857
-0.00564067129384523 1.4359992947715714
-0.0055013954594292985 0.7179996473857901
-0.005362119625013368 3.589998236928928
-0.005222843790597436 5.0259975317005
-0.005083567956181504 6.46199682647207
-0.004944292121765573 5.743997179086286
-0.004805016287349641 7.897996121243642
-0.0046657404529337095 13.64199330032993
-0.004526464618517778 9.333995416015213
-0.004387188784101846 11.487994358172571
-0.0042479129496859145 15.0779925951015
-0.004108637115269983 21.53998942157357
-0.003969361280854051 20.103990126801936
-0.003830085446438119 29.4379855428173
-0.003690809612022188 30.873984837588786
-0.0035515337776062562 44.515978137918715
-0.0034122579431903246 33.745983427131925
-0.003272982108774393 35.1819827219035
-0.0031337062743584613 63.183968969949134
-0.0029944304399425296 52.41397425916236
-0.002855154605526598 75.3899629755075
-0.0027158787711106663 55.28597284870549
-0.0025766029366947347 85.4419580389085
-0.002437327102278803 112.00794499218257
-0.0022980512678628714 109.13594640263943
-0.0021587754334469397 109.13594640263943
-0.002019499599031008 115.5979432291115
-0.0018802237646150764 129.23993652944142
-0.0017409479301991448 143.59992947715713
-0.0016016720957832131 153.65192454055813
-0.0014623962613672815 159.39592171964443
-0.0013231204269513498 175.90991360951747
-0.0011838445925354182 164.42191925134492
-0.0010445687581194865 196.7319033837053
-0.0009052929237035549 181.65391078860378
-0.0007660170892876232 224.01588998436515
-0.0006267412548716916 191.70590585200478
-0.0004874654204557599 232.631885752996
-0.00034818958603982913 213.24589527357836
-0.00020891375162389748 256.32587411672546
-6.963791720796583e-05 212.52789562619253
6.963791720796583e-05 219.70789210005043
0.00020891375162389748 220.4258917474362
0.00034818958603982913 224.01588998436515
0.0004874654204557608 219.70789210005043
0.0006267412548716924 201.75790091540577
0.0007660170892876241 211.80989597880676
0.0009052929237035557 178.06391255167486
0.0010445687581194874 183.80790973076114
0.001183844592535419 175.90991360951747
0.0013231204269513507 162.26792030918756
0.0014623962613672823 152.21592524578656
0.001601672095783214 145.7539284193145
0.0017409479301991456 117.75194217126887
0.0018802237646150773 119.18794146604041
0.002019499599031009 114.8799435817257
0.0021587754334469406 102.67394957616736
0.0022980512678628722 93.33995416015215
0.002437327102278804 78.97996121243642
0.0025766029366947356 81.13396015459378
0.002715878771110667 58.157971438248644
0.002855154605526599 56.721972143477075
0.0029944304399425305 51.69597461177656
0.003133706274358462 43.79797849053293
0.003272982108774394 37.33598166406085
0.0034122579431903255 35.1819827219035
0.003551533777606257 29.437985542817216
0.0036908096120221888 25.1299876585025
0.0038300854464381204 20.103990126802
0.003969361280854052 20.103990126802
0.004108637115269984 17.231991537258857
0.004247912949685915 16.513991889873072
0.004387188784101847 6.46199682647207
0.004526464618517779 7.897996121243642
0.00466574045293371 6.46199682647207
0.004805016287349642 5.743997179086286
0.004944292121765574 3.589998236928928
0.005083567956181505 5.743997179086286
0.005222843790597437 4.307997884314714
0.005362119625013369 2.871998589543143
0.0055013954594293 1.4359992947715714
0.005640671293845232 1.4359992947715714
0.0057799471282611635 0.7179996473857857
0.005919222962677095 0.7179996473857857
0.006058498797093027 0.7179996473857857
0.0061977746315089585 0.0
0.006337050465924888 1.4359992947715714
0.00647632630034082 0.7179996473857857
0.006615602134756752 0.7179996473857857
0.006754877969172683 0.7179996473857857
0.006894153803588615 0.7179996473857857
0.007033429638004547 
