-0.005102201695272055 1.9795375806799511
-0.005001167998335975 0.0
-0.004900134301399894 0.0
-0.004799100604463814 0.0
-0.004698066907527734 0.0
-0.004597033210591654 0.0
-0.0044959995136555735 0.9897687903399756
-0.004394965816719493 0.0
-0.004293932119783413 0.9897687903399756
-0.004192898422847332 0.0
-0.004091864725911252 0.9897687903399756
-0.0039908310289751715 1.9795375806799598
-0.0038897973320390915 0.0
-0.003788763635103011 2.9693063710199397
-0.003687729938166931 6.928381532379829
-0.0035866962412308507 4.948843951699878
-0.0034856625442947703 4.948843951699878
-0.00338462884735869 6.928381532379829
-0.0032835951504226095 6.92838153237986
-0.0031825614534865296 13.856763064759658
-0.003081527756550449 10.887456693739733
-0.0029804940596143688 25.733988548839477
-0.002879460362678289 20.78514459713949
-0.0027784266657422084 29.69306371019927
-0.002677392968806128 41.57028919427898
-0.0025763592718700476 38.60098282325905
-0.002475325574933967 37.611214032919236
-0.0023742918779978872 62.35543379141847
-0.002273258181061807 52.457745888018714
-0.0021722244841257264 79.18150322719839
-0.0020711907871896465 86.10988475957788
-0.001970157090253566 102.93595419535747
-0.0018691233933174857 122.73133000215697
-0.0017680896963814053 147.47554976065635
-0.0016670559994453249 131.63924911521732
-0.001566022302509245 149.45508734133634
-0.0014649886055731645 141.53693701861653
-0.001363954908637084 188.05607016459618
-0.0012629212117010041 197.95375806799512
-0.0011618875147649237 195.9742204873152
-0.0010608538178288433 239.5240472622741
-0.0009598201208927629 254.37057911737375
-0.0008587864239566825 259.31942306907365
-0.0007577527270206021 265.25803581111575
-0.0006567190300845226 309.79763137641237
-0.0005556853331484422 323.65439444117203
-0.0004546516362123618 284.063642827573
-0.0003536179392762814 294.9510995213127
-0.000252584242340201 336.5213887155917
-0.0001515505454041206 304.8487874247125
-5.05168484680402e-05 316.7260129087922
5.05168484680402e-05 333.5520823445718
0.0001515505454041206 319.6953192798149
0.00025258424234020013 341.4702326672916
0.00035361793927628053 331.5725447638918
0.00045465163621236093 316.7260129087922
0.0005556853331484413 273.17618613383326
0.0006567190300845217 280.10456766621314
0.0007577527270206021 243.48312242363403
0.0008587864239566825 290.00225556961533
0.0009598201208927621 210.8207523424148
0.0010608538178288425 203.89237081003498
0.0011618875147649229 189.04583895493533
0.0012629212117010033 186.07653258391542
0.0013639549086370837 165.29138798677593
0.001464988605573164 135.59832427657665
0.0015660223025092445 132.62901790555674
0.0016670559994453249 141.53693701861653
0.0017680896963814053 104.91549177603831
0.0018691233933174848 86.10988475957788
0.001970157090253565 96.99734145331762
0.0020711907871896456 53.44751467835868
0.002172224484125726 50.478208307338754
0.0022732581810618064 62.35543379141847
0.002374291877997887 43.54982677495893
0.002475325574933967 37.6112140329194
0.0025763592718700467 29.69306371019927
0.002677392968806127 17.815838226119563
0.0027784266657422075 28.703294919859292
0.002879460362678288 11.877225484079707
0.0029804940596143683 14.846531855099634
0.0030815277565504487 8.907919113059782
0.003182561453486529 11.877225484079707
0.0032835951504226095 6.928381532379829
0.00338462884735869 6.928381532379829
0.0034856625442947703 7.9181503227198045
0.0035866962412308507 0.9897687903399756
0.003687729938166931 2.969306371019978
0.00378876363510301 0.9897687903399756
0.00388979733203909 2.969306371019927
0.003990831028975171 0.9897687903399756
0.004091864725911251 1.9795375806799511
0.004192898422847331 0.9897687903399756
0.004293932119783412 1.9795375806799511
0.004394965816719492 1.9795375806799511
0.004495999513655573 0.0
0.004597033210591653 0.0
0.004698066907527733 0.0
0.004799100604463814 0.0
0.004900134301399894 0.0
0.005001167998335975 0.0
0.005102201695272055 
