-0.4123510796411795 0.0
-0.4041857117274928 0.0
-0.3960203438138061 0.0
-0.38785497590011936 0.0
-0.3796896079864326 0.0
-0.37152424007274587 0.0
-0.36335887215905915 0.0
-0.35519350424537244 0.0
-0.3470281363316857 0.012246845587004217
-0.338862768417999 0.012246845587004217
-0.3306974005043123 0.0
-0.3225320325906256 0.03674053676101265
-0.31436666467693886 0.0
-0.30620129676325214 0.012246845587004136
-0.29803592884956537 0.0
-0.28987056093587865 0.06123422793502109
-0.28170519302219194 0.0734810735220253
-0.2735398251085052 0.06123422793502109
-0.2653744571948185 0.08572791910902894
-0.25720908928113173 0.012246845587004259
-0.24904372136744504 0.08572791910902954
-0.24087835345375833 0.13471530145704594
-0.23271298554007158 0.0734810735220253
-0.22454761762638487 0.1469621470440506
-0.21638224971269815 0.19594952939206747
-0.20821688179901143 0.23269006615308013
-0.20005151388532472 0.5388612058281838
-0.19188614597163797 0.4286395955451476
-0.18372077805795126 0.5021206690671729
-0.17555541014426454 0.6613296616982255
-0.1673900422305778 0.6368359705242194
-0.15922467431689108 0.8327854999162868
-0.15105930640320436 1.0042413381343458
-0.14289393848951765 1.1267097940043882
-0.13472857057583093 1.3104124778094515
-0.12656320266214421 1.8492736836376371
-0.1183978347484575 2.020729521855682
-0.11023246683477073 2.1676916688997467
-0.10206709892108401 2.3269006615308014
-0.0939017310073973 2.596331264444894
-0.08573636309371058 2.6575654923799155
-0.07757099518002386 3.208673543795105
-0.06940562726633714 3.3556356908391556
-0.06124025935265043 4.065952734885372
-0.053074891438963656 3.808768977558312
-0.04490952352527694 3.9802248157763707
-0.036744155611590223 4.568073403952574
-0.028578787697903507 4.555826558365569
-0.02041341978421679 4.837504006866666
-0.012248051870530074 4.1884211907554425
-0.004082683956843358 4.923231925975696
0.004082683956843358 4.666048168648607
0.012248051870530074 4.482345484843513
0.020413419784216846 4.813010315692658
0.028578787697903563 4.0414590437113915
0.03674415561159028 4.323136492212489
0.044909523525276995 4.176174345168438
0.05307489143896371 3.845509514319324
0.06124025935265043 3.3678825364261598
0.06940562726633714 3.196426698208079
0.07757099518002392 2.9025024041199994
0.08573636309371063 2.461615962987848
0.09390173100739735 2.302406970356793
0.10206709892108407 2.192185360073755
0.11023246683477078 1.9350016027466663
0.1183978347484575 1.861520529224641
0.12656320266214421 1.3349061689834598
0.13472857057583093 1.2246845587004218
0.14289393848951765 1.2001908675264135
0.15105930640320436 0.8817728822643037
0.15922467431689108 0.6858233528722363
0.1673900422305778 0.3796522131971308
0.1755554101442645 0.4531332867191499
0.18372077805795134 0.5878485881762024
0.19188614597163806 0.36740536761012654
0.20005151388532477 0.3551585220231223
0.2082168817990115 0.22044322056607593
0.2163822497126982 0.18370268380506327
0.22454761762638492 0.18370268380506327
0.23271298554007164 0.04898738234801687
0.24087835345375835 0.09797476469603374
0.24904372136744507 0.0734810735220253
0.2572090892811318 0.06123422793502109
0.2653744571948185 0.04898738234801687
0.2735398251085052 0.03674053676101265
0.28170519302219194 0.024493691174008434
0.28987056093587865 0.012246845587004217
0.29803592884956537 0.0
0.3062012967632522 0.0
0.3143666646769389 0.012246845587004217
0.32253203259062563 0.0
0.33069740050431234 0.0
0.33886276841799906 0.0
0.3470281363316858 0.0
0.3551935042453725 0.012246845587004217
0.3633588721590592 0.012246845587004217
0.3715242400727459 0.0
0.37968960798643264 0.0
0.38785497590011936 0.0
0.3960203438138061 0.0
0.4041857117274928 0.012246845587004217
0.4123510796411795 
