-0.011514614346988144 0.4385730904935548
-0.011286602181701251 0.0
-0.011058590016414356 0.0
-0.010830577851127463 0.0
-0.010602565685840568 0.0
-0.010374553520553675 0.0
-0.01014654135526678 0.4385730904935548
-0.009918529189979887 0.0
-0.009690517024692993 1.3157192714806547
-0.009462504859406098 0.0
-0.009234492694119205 0.8771461809871031
-0.00900648052883231 0.8771461809871096
-0.008778468363545417 0.0
-0.008550456198258522 0.0
-0.008322444032971629 0.8771461809871096
-0.008094431867684736 0.8771461809871031
-0.00786641970239784 2.192865452467774
-0.007638407537110948 1.7542923619742128
-0.0074103953718240535 2.631438542961319
-0.007182383206537159 2.1928654524677658
-0.006954371041250265 5.701450176416191
-0.006726358875963371 5.701450176416191
-0.006498346710676477 5.262877085922659
-0.006270334545389584 11.841473443325937
-0.00604232238010269 10.087181081351723
-0.005814310214815796 13.595765805300148
-0.005586298049528902 19.297215981716338
-0.005358285884242008 19.735789072209894
-0.005130273718955114 18.858642891222857
-0.00490226155366822 29.38439706306806
-0.004674249388381326 28.945823972574512
-0.004446237223094432 33.77012796800359
-0.004218225057807538 38.15585887293913
-0.003990212892520644 48.24303995429085
-0.00376220072723375 47.365893773303746
-0.003534188561946856 66.22453666452678
-0.0033061763966599628 70.17169447896823
-0.003078164231373068 71.925986840943
-0.0028501520660861746 78.94315628883987
-0.0026221399007992814 102.62610317549105
-0.0023941277355123865 108.7661264424016
-0.0021661155702254933 113.59043043782984
-0.0019381034049385983 120.60759988572758
-0.0017100912396517051 137.27337732448163
-0.0014820790743648102 145.60626604386022
-0.001254066909077917 152.6234354917571
-0.0010260547437910238 148.23770458682043
-0.0007980425785041288 142.97482750089887
-0.0005700304132172356 155.25487403471723
-0.0003420182479303407 168.41206674952508
-0.00011400608264344747 163.14918966360116
0.00011400608264344747 153.06200858225063
0.0003420182479303407 154.81630094422485
0.0005700304132172339 162.71061657310761
0.0007980425785041288 135.08051187201488
0.001026054743791022 145.16769295336556
0.001254066909077917 144.29054677237954
0.0014820790743648102 123.23903842868891
0.0017100912396517034 121.04617297622022
0.0019381034049385983 108.7661264424016
0.0021661155702254915 105.25754171845236
0.0023941277355123865 93.41606827512719
0.0026221399007992797 98.24037227055554
0.0028501520660861746 80.6974486508141
0.003078164231373068 70.61026756946232
0.003306176396659961 63.59309812156498
0.003534188561946856 49.558759225771695
0.003762200727233749 50.87447849725197
0.003990212892520644 38.15585887293928
0.004218225057807537 33.331554877509916
0.004446237223094432 26.31438542961349
0.004674249388381324 22.805800705664677
0.004902261553668219 23.244373796158232
0.005130273718955114 17.54292361974206
0.0053582858842420086 16.66577743875521
0.0055862980495289 8.77146180987103
0.005814310214815795 10.525754171845238
0.00604232238010269 7.455742538390489
0.006270334545389581 5.262877085922619
0.006498346710676476 3.5085847239484123
0.006726358875963371 2.1928654524677573
0.006954371041250266 2.192865452467791
0.007182383206537158 1.7542923619742061
0.007410395371824053 2.1928654524677573
0.007638407537110948 2.192865452467791
0.007866419702397839 1.3157192714806547
0.008094431867684734 0.43857309049355153
0.008322444032971629 1.3157192714806547
0.008550456198258524 0.4385730904935582
0.008778468363545415 0.43857309049355153
0.00900648052883231 0.0
0.009234492694119205 0.0
0.009462504859406097 0.0
0.009690517024692992 0.0
0.009918529189979887 0.43857309049355153
0.010146541355266782 0.0
0.010374553520553673 0.0
0.010602565685840568 0.0
0.010830577851127463 0.0
0.011058590016414354 0.0
0.01128660218170125 0.0
0.011514614346988144 
