-0.04144669201363761 0.0
-0.04062596543911014 0.0
-0.039805238864582655 0.0
-0.03898451229005518 0.0
-0.038163785715527705 0.0
-0.03734305914100022 0.0
-0.03652233256647275 0.0
-0.03570160599194527 0.0
-0.03488087941741779 0.2436865165663095
-0.034060152842890316 0.3655297748494612
-0.033239426268362834 0.12184325828315475
-0.03241869969383536 0.12184325828315475
-0.031597973119307884 0.24368651656630747
-0.030777246544780403 0.36552977484946425
-0.029956519970252928 0.6092162914157713
-0.02913579339572545 0.487373033132617
-0.02831506682119797 0.7310595496989285
-0.027494340246670496 0.36552977484946275
-0.026673613672143017 1.5839623576810051
-0.02585288709761554 1.3402758411147024
-0.025032160523088064 1.8276488742473136
-0.024211433948560585 2.0713353908136223
-0.023390707374033107 2.1931786490967764
-0.02256998079950563 3.167924715362024
-0.021749254224978153 3.533454490211473
-0.020928527650450675 3.7771410067777818
-0.020107801075923196 5.482946622741965
-0.01928707450139572 5.72663313930825
-0.018466347926868243 8.650871338103952
-0.017645621352340764 7.5542820135555635
-0.016824894777813286 9.99114717921869
-0.01600416820328581 10.356676954068112
-0.015183441628758333 12.549855603164888
-0.014362715054230854 15.595937060243807
-0.013541988479703379 15.595937060243743
-0.0127212619051759 17.423585934491058
-0.011900535330648422 20.225980875003607
-0.011079808756120944 20.95704042470262
-0.010259082181593469 26.92736008057709
-0.00943835560706599 28.998695471390832
-0.008617629032538515 29.729755021089506
-0.007796902458011033 30.338971312505535
-0.006976175883483558 31.191874120487615
-0.006155449308956083 34.359798835849354
-0.005334722734428601 36.06560445181381
-0.004513996159901126 34.2379555775662
-0.0036932695853736444 41.42670781627262
-0.0028725430108461694 41.91408084940524
-0.0020518164363186944 45.69122185618265
-0.0012310898617912125 39.72090220030845
-0.0004103632872637375 43.132513432236784
0.0004103632872637375 41.670394332838576
0.0012310898617912194 39.599058942025295
0.0020518164363186944 40.93933478314
0.0028725430108461694 43.132513432236415
0.0036932695853736514 38.015096584344285
0.004513996159901126 33.50689602786756
0.005334722734428601 32.89767973645151
0.006155449308956083 30.826344345638155
0.006976175883483558 29.85159827937266
0.00779690245801104 30.58265782907184
0.008617629032538515 27.90210614684244
0.00943835560706599 23.759435365214976
0.010259082181593472 20.71335390813631
0.011079808756120947 18.520175259039526
0.011900535330648422 19.129391550455136
0.012721261905175904 14.133817960845953
0.013541988479703379 14.743034252261726
0.014362715054230854 12.184325828315373
0.015183441628758336 11.575109536899703
0.01600416820328581 11.575109536899605
0.016824894777813293 7.67612527183875
0.017645621352340768 6.945065722139821
0.018466347926868243 4.6300438147598415
0.019287074501395725 5.848476397591428
0.0201078010759232 4.142670781627261
0.020928527650450675 2.193178649096767
0.021749254224978157 3.2897679736451786
0.022569980799505632 2.0713353908136307
0.023390707374033107 2.0713353908136307
0.02421143394856058 1.705805615964138
0.02503216052308807 0.974746066265238
0.025852887097615546 0.2436865165663095
0.02667361367214302 0.8529028079820833
0.027494340246670496 0.974746066265238
0.02831506682119797 0.487373033132619
0.029135793395725446 0.4873730331326108
0.029956519970252934 0.2436865165663095
0.03077724654478041 0.36552977484946425
0.031597973119307884 0.12184325828315475
0.03241869969383536 0.12184325828315475
0.033239426268362834 0.1218432582831527
0.03406015284289032 0.0
0.0348808794174178 0.12184325828315475
0.03570160599194527 0.12184325828315475
0.03652233256647275 0.0
0.03734305914100022 0.12184325828315475
0.0381637857155277 0.1218432582831527
0.03898451229005519 0.0
0.03980523886458266 0.0
0.04062596543911014 0.12184325828315475
0.04144669201363761 
