-0.2878055230875191 0.017546570843480033
-0.2821064038184593 0.017546570843480203
-0.27640728454939956 0.05263971253044009
-0.27070816528033975 0.0
-0.26500904601127995 0.017546570843480203
-0.2593099267422202 0.035093141686960067
-0.2536108074731604 0.0
-0.24791168820410062 0.03509314168696023
-0.24221256893504084 0.017546570843480033
-0.23651344966598103 0.1052794250608807
-0.23081433039692126 0.05263971253044035
-0.22511521112786148 0.035093141686960067
-0.21941609185880168 0.05263971253044061
-0.21371697258974193 0.07018628337392013
-0.20801785332068212 0.03509314168696023
-0.20231873405162235 0.14037256674784093
-0.19661961478256257 0.15791913759132029
-0.19092049551350276 0.15791913759132106
-0.185221376244443 0.15791913759132106
-0.1795222569753832 0.3333848460261206
-0.1738231377063234 0.3860245585565626
-0.16812401843726363 0.4035711294000427
-0.16242489916820385 0.3684779877130825
-0.15672577989914407 0.5790368378348411
-0.15102666063008427 0.6316765503652843
-0.1453275413610245 0.894875113017486
-0.13962842209196472 0.8773285421740016
-0.1339293028229049 0.8773285421740058
-0.12823018355384513 1.2282599590436083
-0.12253106428478536 1.2808996715740486
-0.11683194501572558 1.4212722383218825
-0.11113282574666578 1.52655166338277
-0.105433706477606 1.8599365094088924
-0.09973458720854622 1.8599365094088833
-0.09403546793948642 2.6319856265220176
-0.08833634867042664 2.3336939221828557
-0.08263722940136686 3.456674456165583
-0.07693811013230709 2.9302773308611654
-0.07123899086324728 3.614593593756904
-0.0655398715941875 4.000618152313467
-0.05984075232512773 4.597201560991768
-0.05414163305606792 4.562108419304831
-0.048442513787008146 4.895493265330953
-0.04274339451794837 4.667387844365711
-0.03704427524888859 4.544561848461329
-0.03134515597982879 5.492076674009303
-0.025646036710769038 5.106052115452689
-0.019946917441709233 5.825461520035371
-0.014247798172649428 5.492076674009303
-0.00854867890358968 5.47453010316577
-0.0028495596345298746 5.8956478034092905
0.00284955963452993 5.632449240757145
0.00854867890358968 5.43943696147881
0.014247798172649484 5.878101232565811
0.01994691744170929 5.316610965574501
0.025646036710769038 4.825306981957009
0.03134515597982884 4.825306981957009
0.03704427524888865 4.772667269426615
0.042743394517948397 4.579654990148288
0.0484425137870082 4.176083860748288
0.05414163305606795 4.105897577374328
0.059840752325127755 3.9830715814699675
0.06553987159418756 3.3689416019481992
0.07123899086324731 3.4215813144786065
0.07693811013230711 2.667078768208965
0.08263722940136692 2.3863336347133073
0.08833634867042667 2.4038802055567645
0.09403546793948647 2.228414497121964
0.09973458720854628 2.2635076388089463
0.10543370647760603 1.5791913759132028
0.11113282574666583 1.7546570843480203
0.11683194501572558 1.3159928132610024
0.12253106428478538 1.1931668173566423
0.1282301835538452 0.9124216838609706
0.13392930282290494 0.9650613963914019
0.13962842209196474 0.7369559754261613
0.14532754136102455 0.6843162628957279
0.1510266606300843 0.42111770024352074
0.1567257798991441 0.3333848460261206
0.1624248991682039 0.28074513349568325
0.16812401843726366 0.3509314168696006
0.17382313770632346 0.22810542096524042
0.17952225697538327 0.12282599590436141
0.18522137624444301 0.2982917043391606
0.19092049551350282 0.12282599590436141
0.19661961478256257 0.08773285421740015
0.20231873405162237 0.12282599590436023
0.20801785332068218 0.14037256674784163
0.21371697258974193 0.05263971253043958
0.2194160918588018 0.05263971253044061
0.22511521112786154 0.03509314168696041
0.23081433039692129 0.017546570843480203
0.23651344966598103 0.07018628337391944
0.2422125689350409 0.017546570843480203
0.24791168820410064 0.0
0.2536108074731604 0.03509314168695972
0.25930992674222025 0.017546570843480203
0.26500904601128 0.0
0.27070816528033975 0.01754657084347986
0.2764072845493996 0.0
0.28210640381845936 0.017546570843480203
0.2878055230875191 
