-0.007568137309858531 0.6672711914755666
-0.007418273204712817 0.0
-0.0072684090995671045 0.0
-0.007118544994421391 0.6672711914755666
-0.006968680889275677 0.0
-0.006818816784129963 0.6672711914755705
-0.0066689526789842505 0.0
-0.006519088573838537 2.0018135744267
-0.006369224468692823 2.0018135744267
-0.006219360363547109 2.669084765902282
-0.006069496258401396 1.3345423829511331
-0.005919632153255683 2.0018135744267
-0.005769768048109969 4.003627148853423
-0.005619903942964256 4.670898340328966
-0.005470039837818542 4.670898340328966
-0.0053201757326728286 6.005440723280135
-0.005170311627527116 8.0072542977068
-0.005020447522381402 8.0072542977068
-0.004870583417235688 7.339983106231275
-0.004720719312089975 12.01088144656013
-0.004570855206944261 16.01450859541369
-0.004420991101798548 18.683593361315864
-0.004271126996652834 20.018135744267
-0.00412126289150712 18.016322169840404
-0.0039713987863614075 28.692661233449368
-0.003821534681215694 22.687220510169332
-0.0036716705760699805 30.69447480787615
-0.003521806470924267 38.701729105582864
-0.0033719423657785534 54.716237700996466
-0.0032220782606328397 50.71261055214306
-0.003072214155487126 63.39076319017919
-0.002922350050341413 65.39257676460554
-0.0027724859451956994 81.40708536001912
-0.0026226218400499856 82.07435655149517
-0.0024727577349042728 98.08886514690829
-0.002322893629758559 101.42522110428612
-0.0021730295246128453 124.11244161445538
-0.0020231654194671315 133.4542382951141
-0.0018733013143214187 151.47056046495362
-0.001723437209175705 147.46693331610024
-0.0015735731040299912 147.4669333161011
-0.0014237089988842783 155.474187613807
-0.0012738448937385646 175.492323358074
-0.0011239807885928509 194.1759167193899
-0.0009741166834471371 180.16322169840404
-0.0008242525783014243 196.17773029381658
-0.0006743884731557105 203.5177134000478
-0.0005245243680099968 192.84137433643986
-0.0003746602628642839 200.18135744267
-0.00022479615771857017 206.18679816595008
-7.493205257285643e-05 203.5177134000478
7.49320525728573e-05 216.8631372295604
0.00022479615771857017 177.49413693250074
0.0003746602628642839 204.18498459152457
0.0005245243680099968 210.19042531480227
0.0006743884731557114 194.84318791086656
0.0008242525783014243 195.51045910234217
0.0009741166834471371 194.17591671938877
0.0011239807885928517 136.79059425249196
0.0012738448937385646 158.81054357118396
0.0014237089988842792 156.80872999675907
0.001573573104029992 136.79059425249196
0.001723437209175705 122.11062804002799
0.0018733013143214195 119.44154327412711
0.0020231654194671324 108.765204210518
0.0021730295246128453 101.42522110428554
0.00232289362975856 102.09249229576228
0.0024727577349042728 83.40889893444631
0.0026226218400499856 66.05984795608072
0.0027724859451957002 70.73074629641047
0.002922350050341413 63.390763190178454
0.0030722141554871277 61.38894961575249
0.0032220782606328406 51.379881743618924
0.0033719423657785534 48.71079697771608
0.003521806470924268 43.37262744591208
0.003671670576069981 29.3599324249251
0.003821534681215694 27.35811885049807
0.003971398786361408 20.018135744267113
0.004121262891507121 14.01269502098698
0.004271126996652834 22.687220510169134
0.004420991101798549 12.67815263803584
0.004570855206944262 11.343610255084698
0.0047207193120899745 6.672711914755628
0.004870583417235689 4.670898340328993
0.005020447522381402 6.672711914755628
0.0051703116275271166 4.670898340328993
0.005320175732672829 3.3363559573778527
0.005470039837818542 4.003627148853377
0.005619903942964257 1.334542382951141
0.00576976804810997 5.338169531804564
0.005919632153255683 1.3345423829511256
0.006069496258401397 0.0
0.00621936036354711 0.6672711914755705
0.006369224468692823 0.0
0.006519088573838538 0.0
0.0066689526789842505 1.334542382951141
0.006818816784129963 0.0
0.006968680889275678 0.0
0.007118544994421391 0.0
0.007268409099567105 0.6672711914755705
0.007418273204712818 0.6672711914755705
0.007568137309858531 
