-0.03610886740058299 0.0
-0.03539384032334372 0.0
-0.03467881324610446 0.0
-0.03396378616886519 0.0
-0.033248759091625925 0.0
-0.032533732014386654 0.13985484352019556
-0.03181870493714739 0.0
-0.031103677859908124 0.1398548435201949
-0.030388650782668856 0.2797096870403898
-0.02967362370542959 0.4195645305605846
-0.028958596628190322 0.4195645305605826
-0.028243569550951052 0.5594193740807822
-0.027528542473711788 0.4195645305605826
-0.026813515396472518 0.6992742176009777
-0.026098488319233254 0.1398548435201942
-0.025383461241993983 1.538403278722151
-0.02466843416475472 0.6992742176009711
-0.02395340708751545 0.8391290611211735
-0.023238380010276186 1.8181129657625246
-0.022523352933036915 0.978983904641369
-0.02180832585579765 1.9579678092827186
-0.02109329877855838 2.7970968704038977
-0.020378271701319114 3.9159356185654572
-0.019663244624079847 5.174629210247211
-0.01894821754684058 4.335500149126042
-0.018233190469601313 6.153613114888574
-0.017518163392362045 5.454338897287601
-0.01680313631512278 7.132597019529939
-0.01608810923788351 8.950709985292473
-0.015373082160644244 10.908677794575201
-0.014658055083404977 9.090564828812667
-0.01394302800616571 12.866645603857929
-0.013228000928926443 16.083307004822412
-0.012512973851687176 19.299968405786892
-0.011797946774447909 21.957210432670596
-0.011082919697208642 21.397791058589817
-0.010367892619969375 20.139097466908062
-0.009652865542730107 28.39053323459956
-0.00893783846549084 26.43256542531683
-0.008222811388251573 33.70501728836697
-0.007507784311012306 29.229662295720733
-0.006792757233773039 35.662985097649695
-0.006077730156533772 38.04051743749301
-0.005362703079294505 37.90066259397263
-0.004647676002055234 39.299211029174955
-0.003932648924815971 38.32022712453321
-0.0032176218475767 44.47384023942219
-0.0025025947703374365 42.37601758661884
-0.001787567693098166 45.03325961350297
-0.0010725406158589024 46.01224351814389
-0.0003575135386196318 44.753549926462576
0.0003575135386196318 46.571662892224666
0.0010725406158589024 45.59267898758375
0.001787567693098166 43.63471117830059
0.0025025947703374365 40.41804977733652
0.0032176218475767 37.20138837637166
0.003932648924815971 39.71877555973554
0.004647676002055234 41.53688852549768
0.005362703079294505 38.04051743749319
0.0060777301565337685 36.36225931525049
0.006792757233773039 35.24342056708928
0.007507784311012303 32.446323696685056
0.008222811388251573 30.348501043882436
0.008937838465490837 25.733291207715734
0.009652865542730107 20.838371684508935
0.010367892619969378 22.376774963231288
0.011082919697208642 18.460839344665636
0.011797946774447912 14.26519403905995
0.012512973851687176 17.481855440024276
0.013228000928926446 13.426064977938776
0.01394302800616571 13.00650044737806
0.01465805508340498 12.027516542736818
0.015373082160644244 9.6499842028934
0.016088109237883515 7.831871237130952
0.01680313631512278 6.852887332489516
0.01751816339236205 6.2934679584088
0.018233190469601313 3.0768065574442724
0.018948217546840583 4.6152098361664535
0.019663244624079847 3.636225931525049
0.020378271701319117 2.51738718336352
0.02109329877855838 2.0978226528029134
0.02180832585579765 2.237677496323129
0.022523352933036915 1.9579678092827186
0.023238380010276186 1.3985484352019555
0.02395340708751545 0.6992742176009711
0.02466843416475472 0.978983904641369
0.025383461241993983 0.1398548435201942
0.026098488319233254 0.5594193740807768
0.026813515396472525 0.6992742176009777
0.027528542473711788 0.41956453056058673
0.028243569550951052 0.13985484352019556
0.028958596628190315 0.839129061121157
0.029673623705429593 0.13985484352019556
0.030388650782668856 0.0
0.03110367785990812 0.13985484352019556
0.031818704937147384 0.13985484352019284
0.03253373201438666 0.0
0.033248759091625925 0.13985484352019556
0.03396378616886519 0.13985484352019284
0.034678813246104466 0.0
0.03539384032334373 0.13985484352019556
0.03610886740058299 
