-0.022933882321895038 0.2201982171670405
-0.022479746038293155 0.0
-0.022025609754691273 0.2201982171670405
-0.02157147347108939 0.0
-0.02111733718748751 0.2201982171670405
-0.02066320090388563 0.2201982171670405
-0.020209064620283747 0.440396434334081
-0.019754928336681864 1.1009910858352026
-0.019300792053079982 0.440396434334081
-0.0188466557694781 0.6605946515011215
-0.018392519485876217 1.100991085835211
-0.01793838320227434 0.8807928686681553
-0.017484246918672453 1.5413875201692955
-0.017030110635070574 1.761585737336324
-0.01657597435146869 2.642378606004486
-0.01612183806786681 2.4221803888374454
-0.015667701784264926 2.642378606004486
-0.015213565500663044 3.3029732575056077
-0.014759429217061162 3.30297325750562
-0.014305292933459281 3.523171474672648
-0.013851156649857399 5.504955429176014
-0.013397020366255516 4.403964343340827
-0.012942884082653636 7.486739383679378
-0.012488747799051753 5.945351863510094
-0.012034611515449871 12.99169481285539
-0.011580475231847989 12.33110016135427
-0.011126338948246106 12.331100161354316
-0.010672202664644225 16.294668070361
-0.010218066381042343 19.81783954503365
-0.00976393009744046 16.07446985319402
-0.00930979381383858 21.57942528236997
-0.008855657530236698 21.13902884803589
-0.008401521246634815 29.946957534717512
-0.007947384963032933 23.781407454040377
-0.007493248679431051 30.167155751884554
-0.007039112395829168 33.24993079222312
-0.006584976112227286 36.11250761539492
-0.006130839828625407 40.956868393069534
-0.0056767035450235245 50.20519351408524
-0.005222567261421642 40.076075524401375
-0.00476843097781976 46.682022039412594
-0.004314294694217877 53.50816677159085
-0.003860158410615995 56.59094181192941
-0.0034060221270141126 55.489950726094634
-0.0029518858434122337 58.572725766432775
-0.0024977495598103513 61.87569902393839
-0.002043613276208469 63.85748297844175
-0.0015894769926065866 60.33431150376911
-0.0011353407090047042 61.87569902393839
-0.0006812044254028218 62.75649189260655
-0.00022706814180093945 68.26144732178257
0.00022706814180094292 60.77470793810318
0.0006812044254028253 61.87569902393886
0.0011353407090047042 69.14224019045072
0.0015894769926065866 60.33431150376911
0.002043613276208469 69.14224019045072
0.0024977495598103513 58.1323293320987
0.0029518858434122337 58.1323293320987
0.003406022127014116 58.79292398359981
0.0038601584106159985 53.28796855442422
0.004314294694217877 50.42539173125228
0.00476843097781976 43.37904878190698
0.005222567261421642 45.14063451924331
0.0056767035450235245 36.77310226689576
0.006130839828625407 30.827750403385675
0.006584976112227289 35.672111181060565
0.007039112395829172 33.24993079222312
0.007493248679431054 25.98338962571078
0.007947384963032936 26.86418249437915
0.008401521246634815 27.304578928712814
0.008855657530236701 19.15724489353267
0.00930979381383858 17.836055590530147
0.009763930097440466 21.799623499537176
0.010218066381042345 18.05625380769746
0.010672202664644224 16.514866287527916
0.01112633894824611 11.009910858352109
0.011580475231847989 10.789712641184904
0.012034611515449874 9.248325121015773
0.012488747799051753 8.587730469514515
0.012942884082653639 7.486739383679435
0.013397020366255518 6.385748297844224
0.013851156649857397 3.9635679090066995
0.014305292933459283 5.0645589948419705
0.014759429217061162 4.624162560507816
0.015213565500663048 3.082775040338591
0.015667701784264926 2.862576823171505
0.016121838067866812 4.1837661261738015
0.01657597435146869 2.422180388837464
0.01703011063507057 1.9817839545033498
0.017484246918672456 1.5413875201692955
0.017938383202274335 0.8807928686681553
0.01839251948587622 0.0
0.0188466557694781 0.44039643433407766
0.019300792053079985 0.4403964343340844
0.019754928336681864 0.6605946515011165
0.02020906462028375 0.0
0.02066320090388563 0.2201982171670422
0.021117337187487508 0.0
0.021571473471089394 0.2201982171670422
0.022025609754691273 0.0
0.02247974603829316 0.4403964343340844
0.022933882321895038 
