-0.004761132508067836 0.0
-0.004666852656422928 0.0
-0.004572572804778021 0.0
-0.004478292953133112 0.0
-0.004384013101488205 0.0
-0.0042897332498432975 0.0
-0.00419545339819839 1.0606720126866112
-0.004101173546553482 2.121344025373242
-0.004006893694908574 1.060672012686621
-0.003912613843263667 3.182016038059848
-0.003818333991618759 2.121344025373242
-0.0037240541399738516 5.303360063433081
-0.0036297742883289437 1.060672012686621
-0.0035354944366840363 6.3640320761197255
-0.003441214585039129 9.546048114179545
-0.003346934733394221 13.78873616492601
-0.003252654881749313 9.54604811417959
-0.0031583750301044057 8.485376101492967
-0.0030640951784594982 13.78873616492601
-0.0029698153268145904 18.031424215672473
-0.0028755354751696825 12.728064152239451
-0.002781255623524775 32.880832393285246
-0.0026869757718798676 20.152768241045706
-0.0025926959202349597 37.12352044403173
-0.0024984160685900523 28.638144342538634
-0.0024041362169451444 46.669568558211324
-0.002309856365300237 63.64032076119697
-0.002215576513655329 51.97292862164443
-0.0021212966620104217 83.79308900224267
-0.002027016810365514 74.24704088806347
-0.0019327369587206064 93.33913711642221
-0.0018384571070756985 109.24921730672196
-0.001744177255430791 114.55257737015506
-0.0016498974037858836 117.73459340821437
-0.0015556175521409758 151.6760978141868
-0.0014613377004960683 176.07155410597827
-0.0013670578488511605 191.98163429627837
-0.001272777997206253 204.7096984485169
-0.0011784981455613451 203.64902643583122
-0.0010842182939164377 254.56128304478787
-0.0009899384422715298 236.52985882911645
-0.0008956585906266224 250.31859499404138
-0.0008013787389817145 300.17017959031375
-0.0007070988873368071 287.44211543807427
-0.0006128190356918996 299.10950757762436
-0.0005185391840469913 318.2016038059863
-0.0004242593324020839 330.9296679582257
-0.00032997948075717647 306.53421166643346
-0.00023569962911226903 325.62630789479266
-0.0001414197774673616 344.7184041231487
-4.7139925822453285e-05 361.6891563261377
4.713992582245415e-05 327.7476519201659
0.0001414197774673616 324.565635882106
0.00023569962911226903 329.8689959455361
0.00032997948075717733 284.2600994000144
0.00042425933240208477 307.5948836791201
0.0005185391840469922 313.9589157552398
0.0006128190356918996 275.7747232985189
0.000707098887336808 260.92531512090875
0.0008013787389817154 239.7118748671763
0.0008956585906266228 254.56128304478904
0.0009899384422715303 233.34784279105443
0.0010842182939164386 219.55910662613056
0.001178498145561346 214.25574656269742
0.0012727779972062534 167.5861780044861
0.0013670578488511609 147.4334097634403
0.0014613377004960683 171.828866055231
0.0015556175521409766 131.52332957314098
0.001649897403785884 140.00870567463397
0.0017441772554307915 105.00652925597548
0.001838457107075699 75.3077129007494
0.0019327369587206072 63.64032076119726
0.0020270168103655147 76.36838491343671
0.002121296662010422 62.579648748510635
0.0022155765136553296 56.2156166723904
0.002309856365300238 53.033600634331044
0.0024041362169451453 45.6088965455247
0.0024984160685900527 38.18419245671836
0.00259269592023496 25.456128304478668
0.0026869757718798685 15.910080190299315
0.002781255623524776 28.638144342538766
0.0028755354751696834 15.910080190299315
0.002969815326814591 12.728064152239451
0.0030640951784594982 10.606720126866112
0.0031583750301044065 10.606720126866307
0.003252654881749313 12.728064152239334
0.0033469347333942214 5.303360063433056
0.0034412145850391297 6.364032076119784
0.0035354944366840363 3.1820160380598335
0.0036297742883289446 0.0
0.003724054139973853 4.242688050746523
0.0038183339916187595 1.0606720126866112
0.003912613843263668 1.0606720126866307
0.004006893694908574 0.0
0.004101173546553483 1.0606720126866112
0.004195453398198391 2.1213440253732614
0.0042897332498432975 1.0606720126866112
0.004384013101488206 0.0
0.004478292953133112 0.0
0.004572572804778021 0.0
0.004666852656422929 2.1213440253732614
0.004761132508067836 
