-0.004708456001811246 2.145076856641475
-0.004615219249300132 0.0
-0.004521982496789019 2.145076856641475
-0.0044287457442779045 0.0
-0.004335508991766791 3.2176152849622124
-0.004242272239255677 2.145076856641495
-0.004149035486744564 2.145076856641475
-0.004055798734233449 4.29015371328299
-0.003962561981722336 2.145076856641475
-0.003869325229211222 3.2176152849622426
-0.0037760884767001086 6.435230569924425
-0.0036828517241889944 10.725384283207426
-0.0035896149716778806 8.58030742656594
-0.003496378219166767 5.362692141603713
-0.003403141466655653 7.507768998245198
-0.0033099047141445393 8.58030742656594
-0.0032166679616334255 17.16061485313188
-0.0031234312091223118 17.16061485313188
-0.003030194456611198 21.45076856641485
-0.0029369577041000842 31.103614421301533
-0.0028437209515889705 27.885999136339304
-0.0027504841990778567 15.015537996490396
-0.002657247446566743 32.17615284962228
-0.002564010694055629 38.61138341954655
-0.002470773941544515 56.844536700999356
-0.0023775371890334012 62.207228842603065
-0.0022843004365222875 63.27976727092381
-0.0021910636840111737 69.71499784084826
-0.00209782693150006 92.23830483558385
-0.002004590178988946 83.65799740901792
-0.0019113534264778324 113.68907340199871
-0.0018181166739667186 116.90668868696093
-0.0017248799214556049 122.26938082856464
-0.001631643168944491 127.63207297016837
-0.0015384064164333773 141.57507253833802
-0.0014451696639222636 163.02584110475286
-0.0013519329114111498 194.1294555260544
-0.001258696158900036 187.69422495612994
-0.0011654594063889223 198.41960923933735
-0.0010722226538778085 228.45068523231814
-0.0009789859013666947 218.79783937743045
-0.0008857491488555806 244.53876165713044
-0.0007925123963444672 250.97399222705258
-0.000699275643833353 258.48176122530015
-0.0006060388913222397 286.3677603616369
-0.0005128021388111255 302.4558367864508
-0.00041956538630001216 321.7615284962213
-0.00032632863378889796 293.8755293598821
-0.00023309188127778376 328.19675906614873
-0.00013985512876667043 345.3573739192775
-4.661837625555623e-05 328.19675906614873
4.66183762555571e-05 344.28483549095677
0.0001398551287666713 345.3573739192807
0.00023309188127778463 284.2226835049954
0.00032632863378889883 343.2122970626392
0.00041956538630001216 291.7304525032406
0.0005128021388111264 305.673452071413
0.0006060388913222397 263.84445336690146
0.0006992756438333539 283.15014507667735
0.0007925123963444672 276.7149145067503
0.0008857491488555814 250.9739922270549
0.0009789859013666947 220.94291623407193
0.001072222653877809 209.14499352254578
0.0011654594063889223 196.27453238269496
0.0012586961589000365 166.2434563897143
0.0013519329114111507 163.02584110475362
0.001445169663922264 169.46107167467653
0.0015384064164333782 126.55953454184821
0.0016316431689444915 153.37299524986545
0.0017248799214556057 111.54399654535774
0.001818116673966719 96.52845854886638
0.0019113534264778333 82.58545898069755
0.0020045901789889466 69.71499784084794
0.002097826931500061 68.64245941252784
0.002191063684011174 85.803074265659
0.0022843004365222883 46.119152417792144
0.0023775371890334017 40.75646027618803
0.002470773941544516 38.61138341954691
0.002564010694055629 34.3212297062636
0.0026572474465667434 31.10361442130168
0.0027504841990778567 26.81346070801844
0.002843720951588971 26.81346070801844
0.002936957704100085 22.523306994735698
0.0030301944566111984 7.507768998245233
0.0031234312091223118 12.87046113984885
0.003216667961633426 5.362692141603688
0.00330990471414454 7.5077689982451625
0.0034031414666556544 15.015537996490606
0.003496378219166767 2.145076856641475
0.003589614971677881 5.362692141603688
0.0036828517241889952 8.5803074265659
0.0037760884767001094 4.29015371328303
0.003869325229211222 3.2176152849622124
0.003962561981722336 1.0725384283207375
0.00405579873423345 1.0725384283207375
0.0041490354867445645 4.29015371328295
0.004242272239255679 0.0
0.004335508991766791 1.0725384283207375
0.004428745744277905 0.0
0.0045219824967890196 0.0
0.004615219249300134 0.0
0.004708456001811246 
