-0.02554742680423935 0.0
-0.02504153716455144 0.0
-0.024535647524863535 0.0
-0.024029757885175626 0.1976715713365695
-0.023523868245487717 0.39534314267314175
-0.02301797860579981 0.0
-0.022512088966111902 0.0
-0.022006199326423996 0.1976715713365695
-0.021500309686736087 0.5930147140097086
-0.020994420047048178 0.39534314267314175
-0.020488530407360272 0.0
-0.019982640767672363 0.19767157133657087
-0.019476751127984457 0.5930147140097086
-0.018970861488296548 0.790686285346278
-0.01846497184860864 0.0
-0.01795908220892073 0.5930147140097126
-0.017453192569232823 1.7790441420291379
-0.016947302929544918 1.7790441420291256
-0.01644141328985701 1.581372570692556
-0.0159355236501691 2.965073570048553
-0.015429634010481192 2.965073570048553
-0.014923744370793284 2.965073570048543
-0.014417854731105375 3.755759855394834
-0.013911965091417467 4.941789283414255
-0.01340607545172956 3.3604167127216935
-0.012900185812041652 7.906862853462808
-0.012394296172353745 9.488235424155338
-0.011888406532665836 10.67426485217479
-0.011382516892977928 10.47659328083822
-0.01087662725329002 15.220710992915853
-0.010370737613602111 16.01139727826224
-0.009864847973914206 17.395098277618118
-0.009358958334226296 20.55784341900323
-0.008853068694538387 23.522916989051936
-0.008347179054850482 29.848407271821994
-0.007841289415162572 28.860049415139347
-0.0073353997754746665 31.429779842514552
-0.006829510135786757 38.15061326795792
-0.006323620496098848 41.90637312335303
-0.005817730856410942 44.87144669340128
-0.005311841216723033 47.63884869211326
-0.004805951577035124 50.208579119489
-0.004300061937347218 55.34803997423947
-0.003794172297659309 57.32475568760516
-0.0032882826579713996 56.33639783092271
-0.002782393018283494 62.66188811369254
-0.0022765033785955846 59.30147140097126
-0.0017706137389076788 65.42929011240452
-0.0012647240992197696 63.05723125636567
-0.0007588344595318604 69.77806468180952
-0.0002529448198439546 66.8129911117605
0.0002529448198439546 72.34779510918493
0.0007588344595318604 64.8362753983948
0.0012647240992197696 62.859559685029105
0.0017706137389076788 60.28982925765412
0.0022765033785955846 58.11544197295144
0.002782393018283494 59.30147140097086
0.003288282657971403 56.53406940225928
0.003794172297659309 48.0341918347864
0.004300061937347218 53.964338974883475
0.004805951577035127 39.3366426959776
0.005311841216723033 41.11568683800674
0.005817730856410939 44.67377512206471
0.006323620496098848 37.16225541127507
0.006829510135786757 31.034436699841415
0.0073353997754746665 27.871691558456305
0.007841289415162576 29.057720986476117
0.008347179054850478 23.522916989051772
0.008853068694538387 23.522916989051772
0.009358958334226296 19.371813990983814
0.009864847973914206 12.650980565540449
0.010370737613602115 12.255637422867478
0.010876627253290017 12.25563742286731
0.011382516892977926 9.883578566828476
0.011888406532665836 6.720833425443363
0.012394296172353745 7.116176568116503
0.012900185812041654 5.534803997423946
0.013406075451729563 4.744117712077734
0.013911965091417466 3.3604167127216815
0.014417854731105375 3.162745141385112
0.014923744370793284 2.3720588560388345
0.015429634010481193 2.965073570048543
0.015935523650169103 2.174387284702295
0.016441413289857005 2.569730427375404
0.016947302929544914 1.581372570692556
0.017453192569232823 0.790686285346278
0.017959082208920733 0.395343142673139
0.018464971848608642 0.790686285346278
0.01897086148829655 0.7906862853462889
0.019476751127984453 0.5930147140097086
0.019982640767672363 0.1976715713365695
0.020488530407360272 0.0
0.02099442004704818 0.1976715713365695
0.02150030968673609 0.0
0.022006199326423993 0.1976715713365695
0.022512088966111902 0.0
0.02301797860579981 0.0
0.02352386824548772 0.0
0.02402975788517563 0.0
0.024535647524863532 0.0
0.02504153716455144 0.1976715713365695
0.02554742680423935 
