-0.015294270813258546 0.0
-0.014991413965471248 0.0
-0.01468855711768395 0.33018900094420656
-0.014385700269896651 0.0
-0.014082843422109354 0.0
-0.013779986574322056 0.0
-0.013477129726534759 0.0
-0.013174272878747461 0.33018900094420656
-0.012871416030960162 0.6603780018884169
-0.012568559183172864 0.33018900094420844
-0.012265702335385566 0.9905670028326252
-0.011962845487598269 1.3207560037768338
-0.011659988639810971 0.33018900094420656
-0.011357131792023672 1.6509450047210517
-0.011054274944236376 3.3018900094420656
-0.010751418096449077 2.971701008497876
-0.010448561248661779 2.311323006609459
-0.010145704400874481 3.3018900094420656
-0.009842847553087182 4.292457012274734
-0.009539990705299886 5.283024015107305
-0.009237133857512587 6.27359101793996
-0.00893427700972529 7.924536022661002
-0.008631420161937992 12.216993034935642
-0.008328563314150692 9.575481027382098
-0.008025706466363396 14.198127040600923
-0.007722849618576098 12.877371036824092
-0.007419992770788799 18.82077305381988
-0.007117135923001502 24.764175070815632
-0.006814279075214204 23.4434190670388
-0.0065114222274269065 27.40568707836914
-0.006208565379639607 30.047199085922966
-0.0059057085318523096 28.066065080257715
-0.005602851684065012 39.2924911123608
-0.005299994836277714 42.92457012274709
-0.004997137988490417 52.16986214918463
-0.004694281140703117 46.55664913313339
-0.00439142429291582 50.18872814351968
-0.004088567445128522 60.42458717279014
-0.0037857105973412245 72.64158020772585
-0.003482853749553927 70.9906352030044
-0.0031799969017666276 80.56611623038685
-0.00287714005397933 77.26422622094476
-0.0025742832061920323 79.90573822849844
-0.0022714263584047347 91.79254226248995
-0.001968569510617437 93.11329826626678
-0.0016657126628301395 112.26426032103024
-0.0013628558150428401 105.3302913012025
-0.0010599989672555425 97.40575527854149
-0.0007571421194682449 106.3208583040351
-0.0004542852716809473 102.68877929364882
-0.00015142842389364967 104.33972429836926
0.00015142842389364967 93.11329826626678
0.0004542852716809473 93.44348726721152
0.0007571421194682432 104.00953529742506
0.0010599989672555425 99.05670028326196
0.0013628558150428419 92.7831092653231
0.0016657126628301377 99.05670028326196
0.001968569510617437 93.44348726721152
0.002271426358404733 88.16046325210314
0.0025742832061920323 73.96233621150226
0.0028771400539793317 75.61328121622417
0.0031799969017666276 66.03780018884132
0.003482853749553927 67.68874519356311
0.0037857105973412228 65.04723318600868
0.004088567445128522 50.1887281435194
0.0043914242929158215 52.16986214918523
0.004694281140703117 44.24532612652368
0.004997137988490417 38.6321131104726
0.005299994836277713 41.60381411897002
0.005602851684065012 30.377388086867
0.005905708531852311 31.69814409064419
0.006208565379639607 25.0943640717597
0.0065114222274269065 22.12266306326209
0.006814279075214202 21.462285061373425
0.007117135923001502 16.50945004721033
0.007419992770788801 14.528316041545253
0.007722849618576097 15.1886940434335
0.008025706466363396 12.547182035879992
0.008328563314150692 8.58491402454937
0.008631420161937992 7.924536022660957
0.008934277009725291 4.292457012274734
0.009237133857512587 3.632079010386272
0.009539990705299886 1.6509450047210517
0.009842847553087182 4.952835014163098
0.010145704400874481 3.3018900094421033
0.010448561248661777 0.9905670028326197
0.010751418096449077 1.3207560037768262
0.011054274944236376 1.6509450047210517
0.011357131792023672 1.3207560037768262
0.011659988639810971 0.6603780018884207
0.011962845487598267 0.6603780018884131
0.012265702335385566 1.6509450047210328
0.012568559183172866 0.6603780018884207
0.012871416030960162 0.33018900094420656
0.013174272878747461 0.33018900094421033
0.013477129726534757 0.6603780018884131
0.013779986574322056 0.0
0.014082843422109356 0.0
0.014385700269896651 0.0
0.01468855711768395 0.0
0.014991413965471247 0.33018900094420656
0.015294270813258546 
