-0.042468297173234394 0.11891223185616093
-0.041627340793566385 0.0
-0.040786384413898376 0.11891223185616191
-0.039945428034230374 0.0
-0.039104471654562364 0.0
-0.038263515274894355 0.0
-0.037422558895226346 0.23782446371232185
-0.03658160251555834 0.0
-0.035740646135890335 0.0
-0.034899689756222325 0.23782446371232185
-0.034058733376554316 0.23782446371232185
-0.03321777699688631 0.47564892742464765
-0.032376820617218305 0.11891223185616093
-0.031535864237550296 0.35673669556848275
-0.030694907857882286 0.7134733911369655
-0.029853951478214277 0.9512978548492874
-0.029012995098546268 0.7134733911369684
-0.028172038718878262 0.3567366955684842
-0.027331082339210257 1.5458590141300919
-0.026490125959542248 1.6647712459862531
-0.02564916957987424 1.9025957096985826
-0.024808213200206233 2.1404201734108965
-0.023967256820538223 2.497156868979379
-0.023126300440870214 3.329542491972519
-0.02228534406120221 4.399752578677955
-0.0214443876815342 3.448454723828681
-0.020603431301866194 4.875401506102598
-0.019762474922198184 5.707787129095724
-0.018921518542530175 6.659084983945038
-0.01808056216286217 9.750803012205196
-0.01723960578319416 9.037329621068267
-0.016398649403526155 10.702100867054483
-0.015557693023858146 14.388380054595473
-0.014716736644190136 12.842521040465433
-0.01387578026452213 15.815326836869403
-0.013034823884854121 17.004449155431082
-0.012193867505186116 19.620518256266553
-0.011352911125518107 20.928552806684408
-0.010511954745850101 26.279603240211564
-0.009670998366182092 29.133496804759424
-0.008830041986514083 28.182198949910134
-0.007989085606846073 34.24672277457463
-0.007148129227178071 30.560443587033358
-0.006307172847510062 31.749565905594967
-0.005466216467842053 33.889986079005865
-0.0046252600881740435 34.36563500643051
-0.0037843037085060344 36.38714294798554
-0.002943347328838032 37.81408973025917
-0.002102390949170023 39.954509903670065
-0.0012614345695020138 36.26823071612908
-0.0004204781898340046 38.0519141939715
0.0004204781898340046 42.570579004505966
0.0012614345695020068 36.14931848427292
0.002102390949170016 36.86279187540989
0.002943347328838025 40.786895526663194
0.0037843037085060344 38.6464753532523
0.0046252600881740435 31.63065367373907
0.005466216467842046 32.70086376044426
0.006307172847510055 33.414337151581215
0.007148129227178064 31.511741441882645
0.007989085606846073 29.014584572903264
0.008830041986514083 26.755252167636428
0.009670998366182085 20.690728342972
0.010511954745850094 21.285289502252805
0.011352911125518103 20.57181611111584
0.012193867505186112 17.242273619143333
0.013034823884854121 15.220765677588725
0.013875780264522124 16.172063532437885
0.014716736644190133 13.555994431602343
0.015557693023858142 10.22645193962984
0.01639864940352615 9.869715244061357
0.01723960578319416 6.659084983945066
0.018080562162862163 8.323856229931264
0.018921518542530172 6.777997215801172
0.01976247492219818 5.9456115928080955
0.020603431301866183 4.280840346821793
0.021444387681534192 5.11322596981492
0.0222853440612022 2.9728057964040233
0.02312630044087021 3.4484547238286662
0.02396725682053822 2.6160691008355403
0.02480821320020623 1.6647712459862531
0.02564916957987424 1.0702100867054483
0.026490125959542248 1.1891223185616093
0.027331082339210257 0.9512978548493031
0.028172038718878252 0.4756489274246437
0.02901299509854626 0.4756489274246437
0.02985395147821427 0.9512978548492874
0.03069490785788228 0.35673669556848275
0.03153586423755029 0.35673669556848275
0.0323768206172183 0.23782446371232185
0.03321777699688631 0.11891223185616093
0.034058733376554316 0.23782446371232185
0.034899689756222325 0.23782446371232185
0.035740646135890335 0.0
0.03658160251555833 0.0
0.03742255889522634 0.0
0.03826351527489435 0.0
0.03910447165456236 0.0
0.03994542803423037 0.0
0.040786384413898376 0.0
0.041627340793566385 0.0
0.042468297173234394 
