-0.6400627049488486 0.0
-0.6273881959399605 0.0
-0.6147136869310724 0.0
-0.6020391779221844 0.0
-0.5893646689132963 0.0
-0.5766901599044082 0.0
-0.5640156508955201 0.0
-0.551341141886632 0.0
-0.5386666328777439 0.0
-0.5259921238688559 0.007889851980054935
-0.5133176148599677 0.0
-0.5006431058510796 0.0
-0.4879685968421915 0.007889851980054971
-0.47529408783330346 0.0
-0.46261957882441535 0.015779703960109942
-0.4499450698155273 0.03155940792021974
-0.4372705608066392 0.03155940792021974
-0.42459605179775106 0.0552289638603848
-0.411921542788863 0.039449259900274675
-0.3992470337799749 0.047339111880329826
-0.38657252477108683 0.055228963860384554
-0.3738980157621987 0.055228963860384554
-0.3612235067533106 0.047339111880329826
-0.34854899774442255 0.09467822376065922
-0.33587448873553444 0.20513615148142836
-0.3231999797266463 0.1341274836609345
-0.31052547071775827 0.11834777970082405
-0.29785096170887015 0.34715348712241717
-0.28517645269998204 0.35504333910247365
-0.272501943691094 0.40238245098280173
-0.25982743468220587 0.5207302306836281
-0.2471529256733178 0.5838490465240652
-0.2344784166644297 0.5917388985041202
-0.2218039076555416 0.6075186024642327
-0.20912939864665353 0.7179765301849992
-0.19645488963776542 0.9310025336464866
-0.18378038062887736 1.0335706093871966
-0.17110587161998925 1.2387067608686249
-0.15843136261110113 1.4201733564098946
-0.14575685360221308 1.609529803931214
-0.13308234459332502 1.846225363332855
-0.1204078355844369 2.0355818108541737
-0.1077333265755488 2.359065742036426
-0.09505881756666068 2.1223701826347776
-0.08238430855777257 2.714109081138898
-0.06970979954888445 2.6588801172785366
-0.05703529053999645 2.848236564799832
-0.04436078153110834 3.1559407920219744
-0.03168627252222023 3.06915242024137
-0.019011763513332114 3.1717204959820844
-0.006337254504444001 3.297958127662992
0.006337254504444001 3.1717204959820844
0.019011763513332114 3.06915242024137
0.03168627252222023 2.9823640484607656
0.04436078153110834 3.05337271628126
0.05703529053999645 2.7535583410391724
0.06970979954888457 2.5563120415378218
0.08238430855777257 2.2801672222358764
0.09505881756666068 2.2959469261959864
0.1077333265755488 2.106590478674668
0.1204078355844369 1.925123883133404
0.13308234459332502 1.775216695512376
0.14575685360221302 1.6331993598713719
0.15843136261110113 1.2387067608686249
0.17110587161998925 1.1992575009683502
0.18378038062887736 0.962561941566702
0.19645488963776547 0.7021968262248954
0.20912939864665347 0.7179765301849992
0.2218039076555416 0.6311881584043948
0.2344784166644297 0.40238245098280173
0.2471529256733178 0.48917082276340595
0.2598274346822059 0.4733911188033003
0.27250194369109393 0.33926363514236224
0.28517645269998204 0.26036511534181284
0.29785096170887015 0.22091585544153822
0.31052547071775827 0.17357674356120859
0.3231999797266464 0.14201733564098884
0.3358744887355345 0.11834777970082508
0.3485489977444225 0.12623763168087895
0.3612235067533106 0.08678837178060506
0.3738980157621986 0.0946782237606584
0.38657252477108683 0.06311881584044003
0.39924703377997484 0.0473391118803292
0.41192154278886306 0.015779703960110008
0.42459605179775106 0.039449259900274335
0.4372705608066393 0.03944925990027502
0.4499450698155273 0.04733911188033003
0.4626195788244153 0.015779703960109734
0.4752940878333035 0.015779703960110008
0.4879685968421915 0.015779703960109734
0.5006431058510797 0.0
0.5133176148599677 0.007889851980055004
0.5259921238688557 0.007889851980054867
0.538666632877744 0.0
0.551341141886632 0.007889851980054867
0.5640156508955202 0.0
0.5766901599044082 0.0
0.5893646689132962 0.0
0.6020391779221844 0.0
0.6147136869310724 0.0
0.6273881959399606 0.007889851980055004
0.6400627049488486 
