-0.004939806094824743 0.0
-0.004841988152352966 0.0
-0.0047441702098811895 0.0
-0.004646352267409412 0.0
-0.004548534324937635 0.0
-0.004450716382465858 0.0
-0.00435289843999408 2.044614668292634
-0.004255080497522303 0.0
-0.0041572625550505265 0.0
-0.00405944461257875 1.022307334146317
-0.003961626670106973 1.0223073341463078
-0.003863808727635195 1.022307334146317
-0.003765990785163418 1.022307334146317
-0.0036681728426916412 2.0446146682926245
-0.003570354900219864 1.0223073341463123
-0.0034725369577480866 1.022307334146317
-0.0033747190152763097 1.022307334146317
-0.003276901072804533 2.0446146682926245
-0.0031790831303327555 4.089229336585249
-0.003081265187860978 3.0669220024389503
-0.0029834472453892013 11.245380675609486
-0.0028856293029174244 7.156151339024186
-0.002787811360445647 18.401532014633624
-0.00268999341797387 21.468454017072656
-0.002592175475502093 23.513068685365283
-0.002494357533030316 28.624605356096744
-0.0023965395905585388 31.691527358535684
-0.0022987216480867614 37.82537136341372
-0.0022009037056149846 46.00383003658426
-0.0021030857631432077 58.2715180463398
-0.0020052678206714304 72.58382072438816
-0.001907449878199653 82.80689406585167
-0.0018096319357278762 105.29765541707063
-0.0017118139932560993 109.38688475365541
-0.001613996050784322 142.10071944633742
-0.0015161781083125447 186.05993481462966
-0.0014183601658407678 155.39071479024017
-0.001320542223368991 181.97070547804358
-0.0012227242808972136 202.41685216096982
-0.0011249063384254363 234.10837951950654
-0.0010270883959536594 246.37606752926237
-0.0009292704534818825 238.19760885609185
-0.0008314525110101056 276.0229802195031
-0.0007336345685383279 310.78142958048034
-0.000635816626066551 318.9598882536509
-0.0005379986835947741 329.1829615951111
-0.0004401807411229964 354.74064494877194
-0.0003423627986512195 349.62910827804035
-0.00024454485617944263 374.16448429755195
-0.00014672691370766575 381.3206356365762
-4.8908971235888873e-05 355.7629522829151
4.8908971235888873e-05 350.65141561218667
0.00014672691370766575 350.65141561218667
0.00024454485617944263 351.67372294632986
0.0003423627986512204 370.0752549609667
0.00044018074112299726 349.62910827804035
0.0005379986835947741 318.9598882536509
0.000635816626066551 304.64758557560236
0.0007336345685383279 285.22374622681986
0.0008314525110101056 267.844521546335
0.0009292704534818825 237.1753015219455
0.0010270883959536594 199.34993015853001
0.0011249063384254371 200.3722374926781
0.001222724280897214 203.43915949511705
0.001320542223368991 165.61378813170333
0.0014183601658407678 129.83303143658225
0.0015161781083125447 145.1676414487757
0.0016139960507843224 104.27534808292431
0.0017118139932560993 93.02996740731483
0.0018096319357278762 84.85150873414354
0.001907449878199654 69.51689872194954
0.002005267820671431 48.048444704876886
0.0021030857631432077 53.159981375608474
0.0022009037056149846 47.02613737073057
0.0022987216480867614 31.691527358535538
0.002396539590558539 22.49076135121897
0.002494357533030316 32.71383469268214
0.002592175475502093 19.423839348779847
0.0026899934179738707 21.468454017072656
0.0027878113604456476 12.267688009755801
0.0028856293029174244 6.133844004877846
0.002983447245389202 11.245380675609585
0.003081265187860978 4.089229336585231
0.003179083130332756 3.0669220024389774
0.003276901072804532 4.089229336585231
0.0033747190152763097 1.0223073341463078
0.0034725369577480875 3.0669220024389774
0.0035703549002198635 2.0446146682926156
0.0036681728426916412 0.0
0.003765990785163419 0.0
0.003863808727635195 1.0223073341463078
0.003961626670106973 1.0223073341463078
0.0040594446125787505 0.0
0.0041572625550505265 2.0446146682926156
0.004255080497522304 0.0
0.00435289843999408 0.0
0.004450716382465858 0.0
0.004548534324937636 0.0
0.004646352267409412 1.0223073341463078
0.0047441702098811895 0.0
0.0048419881523529655 1.0223073341463078
0.004939806094824743 
