-0.005713488460462853 0.8838733174917265
-0.005600350075107153 0.0
-0.005487211689751453 0.0
-0.005374073304395753 0.0
-0.0052609349190400525 0.0
-0.005147796533684352 0.8838733174917265
-0.005034658148328652 0.0
-0.004921519762972952 0.0
-0.004808381377617252 0.0
-0.004695242992261552 1.767746634983453
-0.004582104606905852 0.8838733174917265
-0.004468966221550152 0.8838733174917265
-0.004355827836194452 0.8838733174917334
-0.004242689450838753 3.535493269966879
-0.004129551065483052 1.7677466349834667
-0.0040164126801273525 4.419366587458616
-0.003903274294771652 1.767746634983453
-0.003790135909415952 7.070986539933812
-0.0036769975240602518 3.535493269966906
-0.0035638591387045517 7.070986539933812
-0.0034507207533488516 10.606479809900717
-0.0033375823679931515 7.070986539933812
-0.0032244439826374515 20.32908630230971
-0.0031113055972817514 13.25809976237595
-0.0029981672119260517 24.74845288976834
-0.0028850288265703516 30.935566112210427
-0.0027718904412146516 32.70331274719388
-0.0026587520558589515 42.42591923960287
-0.0025456136705032514 38.00655265214424
-0.0024324752851475513 51.264652414520135
-0.0023193368997918512 66.29049881187949
-0.002206198514436151 83.96796516171402
-0.002093060129080451 91.03895170164783
-0.001979921743724751 96.34219160659818
-0.001866783358369051 118.43902454389136
-0.0017536449730133508 131.69712430626726
-0.0016405065876576507 136.11649089372588
-0.0015273682023019507 148.49071733861004
-0.0014142298169462506 165.28431037095288
-0.0013010914315905505 187.381143308246
-0.0011879530462348504 216.548962785473
-0.0010748146608791503 245.71678226269995
-0.0009616762755234503 248.36840221517514
-0.0008485378901677502 284.60720823233595
-0.0007353995048120501 243.9490356277165
-0.00062226111945635 280.18784164487727
-0.0005091227341006499 299.63305462969527
-0.00039598434874494985 303.16854789966453
-0.00028284596338925064 311.12340775708776
-0.00016970757803355056 329.684747424414
-5.6569192677850474e-05 315.54277434454633
5.656919267784961e-05 320.8460142494967
0.0001697075780335497 271.3491084699601
0.00028284596338924977 293.4459414072532
0.00039598434874494985 270.4652351524683
0.0005091227341006499 269.5813618349766
0.00062226111945635 288.1427015023028
0.0007353995048120501 257.20713539009245
0.0008485378901677502 242.18128899273304
0.0009616762755234503 235.11030245279926
0.0010748146608791503 206.826356293064
0.0011879530462348504 189.14888994322948
0.0013010914315905505 210.3618495630309
0.0014142298169462506 157.32945051352732
0.0015273682023019507 145.83909738613488
0.0016405065876576507 116.6712779089079
0.0017536449730133508 106.06479809900718
0.001866783358369051 94.57444497161474
0.001979921743724751 79.54859857425538
0.002093060129080451 83.08409184422229
0.002206198514436151 61.87113222442133
0.0023193368997918504 58.33563895445351
0.0024324752851475513 58.335638954454396
0.0025456136705032505 38.00655265214395
0.0026587520558589515 32.703312747194126
0.0027718904412146507 24.748452889768153
0.0028850288265703516 26.516199524751997
0.002998167211926051 22.096832937292994
0.003111305597281752 15.025846397359466
0.003224443982637451 9.722606492408916
0.003337582367993152 8.838733174917333
0.003450720753348851 9.722606492408916
0.003563859138704552 6.187113222442133
0.0036769975240602513 5.303239904950319
0.0037901359094159523 3.5354932699669335
0.0039032742947716515 4.419366587458599
0.0040164126801273525 2.6516199524751998
0.004129551065483052 0.0
0.004242689450838753 1.7677466349834667
0.004355827836194452 0.0
0.004468966221550153 0.0
0.004582104606905852 0.8838733174917197
0.004695242992261553 0.0
0.004808381377617252 0.0
0.004921519762972953 0.0
0.005034658148328652 0.0
0.0051477965336843515 0.0
0.0052609349190400525 0.0
0.005374073304395752 0.0
0.005487211689751453 0.0
0.005600350075107152 0.0
0.005713488460462853 
