-0.08402122934581811 0.0601038575526548
-0.08235744262609894 0.0
-0.08069365590637977 0.0
-0.0790298691866606 0.0
-0.07736608246694143 0.0601038575526548
-0.07570229574722226 0.0
-0.07403850902750309 0.0
-0.07237472230778391 0.0601038575526553
-0.07071093558806475 0.1202077151053096
-0.06904714886834558 0.0601038575526548
-0.0673833621486264 0.0601038575526553
-0.06571957542890725 0.0601038575526548
-0.06405578870918807 0.1202077151053096
-0.0623920019894689 0.1202077151053096
-0.060728215269749725 0.2404154302106192
-0.05906442855003055 0.2404154302106202
-0.057400641830311384 0.6611424330792055
-0.05573685511059222 0.7813501481845123
-0.054073068390873044 0.5409347179738933
-0.05240928167115387 0.36062314531593026
-0.050745494951434704 0.7212462906318575
-0.04908170823171553 1.0818694359477907
-0.047417921511996364 0.9616617208424768
-0.04575413479227719 1.8031157265796438
-0.04409034807255802 2.1036350143429265
-0.04242656135283885 2.2238427294482275
-0.040762774633119676 3.3057121653960277
-0.03909898791340051 2.8248813049747756
-0.037435201193681336 4.026958456027888
-0.03577141447396217 4.62799703155442
-0.034107627754242996 4.327477743791163
-0.03244384103452383 6.851839761002647
-0.030780054314804656 6.371008900581408
-0.029116267595085482 6.67152818834471
-0.027452480875366315 7.332670621423884
-0.025788694155647142 9.015578632898258
-0.024124907435927975 9.977240353740697
-0.0224611207162088 12.080875368083614
-0.020797333996489628 12.321290798294337
-0.01913354727677047 13.102640946478745
-0.017469760557051295 13.883991094663259
-0.01580597383733212 16.588664684532723
-0.014142187117612948 16.648768542085378
-0.012478400397893774 18.1513649809019
-0.010814613678174614 16.889183972295996
-0.00915082695845544 18.451884268665022
-0.007487040238736267 17.850845693138474
-0.005823253519017094 20.67572699811325
-0.00415946679929792 21.036350143429356
-0.0024956800795787604 19.593857562165464
-0.0008318933598595868 20.976246285876524
0.0008318933598595868 18.93271512908626
0.0024956800795787604 18.932715129086418
0.00415946679929792 20.615623140560594
0.005823253519017094 18.63219584132299
0.007487040238736267 18.391780411112368
0.00915082695845544 17.370014832717235
0.010814613678174614 18.752403556428455
0.012478400397893774 14.184510382426533
0.014142187117612948 14.725445100400425
0.01580597383733212 13.523367949347328
0.017469760557051295 12.020771510531059
0.019133547276770455 11.299525219899103
0.020797333996489628 10.097448068846006
0.0224611207162088 9.37620177821415
0.024124907435927975 9.075682490450875
0.02578869415564715 9.255994063108917
0.02745248087536631 6.190697327923444
0.029116267595085482 7.332670621423884
0.030780054314804656 5.409347179738932
0.03244384103452383 4.207270028685871
0.03410762775424299 4.688100889107075
0.03577141447396216 3.9067507409225617
0.037435201193681336 3.00519287763274
0.03909898791340051 2.5243620172115016
0.04076277463311968 1.9233234416849536
0.04242656135283886 1.8632195841322987
0.04409034807255803 1.7430118690270182
0.045754134792277176 1.202077151053096
0.04741792151199635 1.2621810086057508
0.04908170823171552 0.9616617208424768
0.0507454949514347 0.7212462906318575
0.05240928167115387 0.601038575526548
0.054073068390873044 0.9015578632898219
0.05573685511059222 0.36062314531592876
0.05740064183031139 0.300519287763274
0.059064428550030565 0.1202077151053116
0.06072821526974971 0.1202077151053096
0.062392001989468884 0.0
0.06405578870918806 0.0601038575526548
0.06571957542890723 0.0
0.0673833621486264 0.1202077151053096
0.06904714886834558 0.1202077151053096
0.07071093558806475 0.0
0.07237472230778393 0.0
0.0740385090275031 0.0601038575526548
0.07570229574722227 0.0
0.07736608246694142 0.0601038575526548
0.07902986918666059 0.0
0.08069365590637977 0.0
0.08235744262609894 0.0601038575526548
0.08402122934581811 
