-0.10621560965945506 0.0
-0.10411233026025793 0.0
-0.1020090508610608 0.0
-0.09990577146186368 0.0
-0.09780249206266654 0.04754480077072601
-0.09569921266346941 0.04754480077072632
-0.09359593326427229 0.09508960154145202
-0.09149265386507516 0.04754480077072601
-0.08938937446587802 0.09508960154145202
-0.08728609506668089 0.04754480077072601
-0.08518281566748376 0.0
-0.08307953626828664 0.0
-0.0809762568690895 0.14263440231217803
-0.07887297746989237 0.14263440231217897
-0.07676969807069525 0.04754480077072601
-0.07466641867149812 0.23772400385363002
-0.07256313927230099 0.23772400385363002
-0.07045985987310385 0.38035840616580807
-0.06835658047390672 0.14263440231217897
-0.0662533010747096 0.38035840616580807
-0.06415002167551247 0.5705376092487121
-0.062046742276315334 0.570537609248714
-0.05994346287711821 0.855806413873071
-0.05784018347792108 1.0935304177266982
-0.05573690407872395 1.5689784254339583
-0.053633624679526815 1.3312544215803328
-0.05153034528032969 1.7591576285168682
-0.04942706588113256 1.9493368315997663
-0.04732378648193543 2.6149640423899307
-0.045220507082738295 3.7084944601166536
-0.043117227683541176 3.5658600578044504
-0.04101394828434404 3.423225655492273
-0.03891066888514691 4.754480077072601
-0.036807389485949776 5.752920893257847
-0.03470411008675264 7.036630514067496
-0.032600830687555524 6.798906510213819
-0.03049755128835839 7.892436927940517
-0.028394271889161257 8.462974537189286
-0.026290992489964138 9.556504954915928
-0.024187713090767005 10.174587364935366
-0.02208443369156987 11.030393778808433
-0.019981154292372738 10.935304177266982
-0.017877874893175605 14.833977840466614
-0.015774595493978485 14.215895430447077
-0.013671316094781352 15.309425848173776
-0.011568036695584219 15.024157043549517
-0.0094647572963871 16.735769871295556
-0.007361477897189966 15.499605051256678
-0.005258198497992833 16.735769871295556
-0.0031549190987957 16.355411465129748
-0.0010516396995985666 16.40295626590058
0.0010516396995985527 16.30786666435902
0.003154919098795686 16.117687461276116
0.005258198497992819 16.070142660505496
0.007361477897189939 15.784873855881035
0.009464757296387072 14.88152264123724
0.011568036695584205 13.407633817344735
0.013671316094781338 13.978171426593448
0.01577459549397847 13.883081825052086
0.01787787489317559 11.838655391910853
0.01998115429237271 10.412311368788995
0.022084433691569844 11.410752184974243
0.024187713090766977 9.936863361081736
0.02629099248996411 7.084175314838176
0.028394271889161243 8.035071330252697
0.030497551288358377 7.464533721003984
0.03260083068755551 6.703816908672367
0.03470411008675264 4.564300873989697
0.036807389485949776 3.3756808547215913
0.03891066888514688 3.7084944601166288
0.041013948284344015 3.3281360539508205
0.04311722768354115 2.9002328470142866
0.04522050708273828 2.9002328470142866
0.047323786481935415 1.9017920308290401
0.04942706588113255 1.8542472300583144
0.05153034528032968 1.331254421580346
0.05363362467952679 1.6165232262046845
0.05573690407872392 0.9033512146437943
0.05784018347792105 1.0459856169559723
0.05994346287711819 0.5229928084779861
0.06204674227631532 0.8082616131023422
0.06415002167551245 0.47544800770726003
0.06625330107470959 0.4279032069365341
0.06835658047390672 0.14263440231217803
0.07045985987310385 0.5705376092487197
0.07256313927230096 0.14263440231217803
0.07466641867149809 0.23772400385363002
0.07676969807069522 0.04754480077072601
0.07887297746989236 0.09508960154145202
0.08097625686908949 0.14263440231217803
0.08307953626828662 0.09508960154145202
0.08518281566748376 0.0
0.08728609506668086 0.09508960154145202
0.089389374465878 0.04754480077072601
0.09149265386507513 0.04754480077072601
0.09359593326427226 0.04754480077072601
0.0956992126634694 0.0
0.09780249206266653 0.0
0.09990577146186366 0.04754480077072601
0.1020090508610608 0.0
0.10411233026025793 0.09508960154145202
0.10621560965945506 
