-0.07187537817226364 0.0
-0.07045210335697129 0.0
-0.06902882854167894 0.0702604998876899
-0.06760555372638659 0.0702604998876899
-0.06618227891109424 0.0702604998876899
-0.06475900409580189 0.0
-0.06333572928050954 0.2107814996630697
-0.06191245446521719 0.2107814996630697
-0.06048917964992484 0.0702604998876899
-0.05906590483463249 0.1405209997753798
-0.05764263001934014 0.2810419995507596
-0.05621935520404779 0.4918234992138317
-0.05479608038875545 0.3513024994384495
-0.0533728055734631 0.1405209997753798
-0.05194953075817075 0.6323444989892091
-0.0505262559428784 0.5620839991015192
-0.04910298112758605 0.4215629993261394
-0.0476797063122937 0.772865498764589
-0.04625643149700135 0.8431259986522788
-0.044833156681709 1.6159914974168679
-0.04340988186641665 1.686251997304566
-0.04198660705112431 2.3185964962937557
-0.04056333223583195 1.7565124971922477
-0.0391400574205396 2.81041999550761
-0.03771678260524726 2.810419995507596
-0.03629350778995491 3.5130249943844953
-0.03487023297466256 3.2319829948337357
-0.03344695815937021 4.4966719928121535
-0.03202368334407786 4.426411492924464
-0.03060040852878551 4.847974492250604
-0.02917713371349316 6.88552898899361
-0.02775385889820081 7.0963104886566795
-0.026330584082908462 8.571780986298169
-0.024907309267616112 8.50152048641048
-0.023484034452323763 9.555427984725826
-0.022060759637031413 11.101158982255004
-0.020637484821739063 12.506368980008803
-0.019214210006446714 12.436108480121112
-0.017790935191154364 14.684444476527188
-0.016367660375862014 14.333141977088742
-0.014944385560569665 16.862519973045657
-0.013521110745277322 15.17626797574102
-0.012097835929984972 17.635385471810164
-0.010674561114692623 21.499712965633005
-0.009251286299400266 19.391897969002414
-0.007828011484107916 20.02424246799162
-0.006404736668815567 21.78075496518387
-0.004981461853523217 22.202317964510225
-0.003558187038230881 20.58632646709314
-0.0021349122229385314 21.71049446529618
-0.0007116374076461818 21.85101546507156
0.0007116374076461679 22.623880963836147
0.0021349122229385176 22.06179696473463
0.0035581870382308672 20.79710796675621
0.004981461853523217 21.71049446529618
0.006404736668815567 19.462158468890102
0.007828011484107916 19.88372146821624
0.009251286299400266 20.656586966980832
0.010674561114692616 18.197469470911685
0.012097835929984965 15.668091474954847
0.013521110745277315 16.932780472933267
0.014944385560569665 15.808612474730227
0.016367660375862014 12.646889979784183
0.017790935191154364 15.035746975965639
0.019214210006446714 10.820116982704246
0.020637484821739063 10.749856482816554
0.022060759637031413 9.414906984950447
0.023484034452323763 9.414906984950447
0.024907309267616112 8.50152048641048
0.026330584082908462 6.042402990341332
0.02775385889820081 6.112663490229021
0.02917713371349316 4.988495492025983
0.03060040852878551 4.566932492699844
0.03202368334407786 4.215629993261394
0.03344695815937021 3.442764494496805
0.03487023297466256 3.2319829948337357
0.03629350778995491 2.318596496293767
0.03771678260524726 2.178075496518387
0.03914005742053961 1.545730997529178
0.04056333223583196 1.4754704976414879
0.04198660705112431 1.053907498315359
0.043409881866416644 1.1241679982030384
0.044833156681708994 1.0539074983153485
0.046256431497001343 1.1241679982030384
0.04767970631229369 1.1944284980907283
0.04910298112758604 0.4918234992138293
0.05052625594287839 0.6323444989892091
0.05194953075817074 0.3513024994384461
0.053372805573463106 0.2810419995507623
0.05479608038875544 0.49182349921382457
0.056219355204047805 0.2810419995507623
0.05764263001934014 0.28104199955075687
0.059065904834632504 0.07026049988769058
0.06048917964992484 0.14052099977537844
0.061912454465217204 0.0
0.06333572928050954 0.07026049988769058
0.06475900409580188 0.0
0.06618227891109424 0.07026049988769058
0.06760555372638657 0.07026049988768922
0.06902882854167894 0.0
0.07045210335697127 0.07026049988768922
0.07187537817226364 
