-0.00995804441455224 0.5071276838874268
-0.009760855416244276 0.5071276838874268
-0.00956366641793631 1.0142553677748536
-0.009366477419628346 0.0
-0.00916928842132038 1.0142553677748447
-0.008972099423012414 0.0
-0.008774910424704449 0.5071276838874268
-0.008577721426396484 0.5071276838874268
-0.008380532428088519 2.028510735549707
-0.008183343429780554 1.0142553677748536
-0.007986154431472589 1.5213830516622802
-0.007788965433164624 2.535638419437134
-0.007591776434856659 4.057021471099414
-0.007394587436548694 1.5213830516622802
-0.007197398438240729 3.5498937872119716
-0.007000209439932763 3.5498937872119876
-0.006803020441624798 5.578404522761694
-0.006605831443316833 5.578404522761669
-0.006408642445008867 12.171064413298241
-0.006211453446700902 6.085532206649121
-0.006014264448392937 11.663936729410816
-0.0058170754500849724 11.663936729410816
-0.0056198864517770074 13.185319781073096
-0.0054226974534690425 19.270851987722217
-0.0052255084551610775 26.370639562146074
-0.005028319456853112 23.83500114270906
-0.004831130458545147 32.456171768795315
-0.004633941460237182 32.96329945268274
-0.004436752461929217 31.94904408490789
-0.004239563463621252 47.6700022854179
-0.004042374465313286 50.20564070485525
-0.003845185467005321 51.2198960726301
-0.003647996468697356 48.17712996930554
-0.003450807470389391 60.34819438260378
-0.003253618472081426 70.490748060352
-0.00305642947377346 78.09766331866372
-0.002859240475465495 90.77585541584939
-0.00266205147715753 89.25447236418711
-0.002464862478849565 108.01819666802189
-0.0022676734805416 113.08947350689566
-0.002070484482233634 108.01819666802189
-0.0018732954839256691 116.13223961022072
-0.0016761064856177042 134.3888362301681
-0.0014789174873097392 145.03851759180407
-0.0012817284890017742 135.9102192818304
-0.0010845394906938092 144.53138990791663
-0.0008873504923858442 144.53138990791663
-0.0006901614940778792 155.68819895344
-0.0004929724957699142 154.6739435856638
-0.0002957834974619475 146.0527729595789
-9.85944991539825e-05 151.12404979845317
9.85944991539825e-05 158.22383737287714
0.0002957834974619475 157.2095820051023
0.0004929724957699125 157.2095820051023
0.0006901614940778775 153.1525605340029
0.0008873504923858425 152.64543285011544
0.0010845394906938075 150.1097944306783
0.0012817284890017724 121.71064413298242
0.0014789174873097374 118.6678780296568
0.0016761064856177042 125.76766560408184
0.0018732954839256691 113.5966011907836
0.002070484482233634 99.39702604193565
0.002267673480541599 98.38277067416078
0.002464862478849564 98.38277067416078
0.002662051477157529 90.26872773196196
0.002859240475465494 86.21170626086256
0.003056429473773459 70.99787574423974
0.003253618472081424 71.50500342812717
0.003450807470389389 55.27691754372951
0.003647996468697354 56.29117291150388
0.003845185467005321 57.81255596316665
0.004042374465313286 44.12010849820613
0.004239563463621251 40.06308702710671
0.004436752461929216 26.37063956214619
0.004633941460237181 22.313618091046777
0.004831130458545146 23.32787345882163
0.005028319456853111 21.299362723271923
0.005225508455161076 17.749468936059934
0.005422697453469041 13.185319781073096
0.005619886451777006 10.649681361635869
0.0058170754500849724 6.592659890536548
0.006014264448392937 11.156809045523389
0.006211453446700902 6.592659890536548
0.006408642445008867 8.114042942198829
0.006605831443316832 6.592659890536548
0.006803020441624797 5.071276838874268
0.007000209439932762 3.5498937872119876
0.007197398438240727 2.535638419437134
0.007394587436548692 3.0427661033245603
0.007591776434856657 2.028510735549707
0.007788965433164622 0.5071276838874268
0.007986154431472587 0.0
0.008183343429780552 0.0
0.008380532428088517 1.5213830516622802
0.008577721426396482 0.0
0.008774910424704447 0.0
0.008972099423012412 0.0
0.00916928842132038 1.0142553677748536
0.009366477419628346 0.0
0.00956366641793631 0.5071276838874268
0.009760855416244276 0.5071276838874268
0.00995804441455224 
