-0.011324546598395416 0.0
-0.011100298150902438 0.0
-0.01087604970340946 0.0
-0.010651801255916481 0.0
-0.010427552808423501 0.0
-0.010203304360930523 0.0
-0.009979055913437545 0.0
-0.009754807465944567 0.0
-0.009530559018451588 0.0
-0.009306310570958608 0.8918679359252308
-0.00908206212346563 0.4459339679626154
-0.008857813675972652 0.0
-0.008633565228479674 1.7837358718504617
-0.008409316780986695 0.891867935925224
-0.008185068333493715 0.0
-0.007960819886000739 0.445933967962612
-0.007736571438507759 0.4459339679626154
-0.007512322991014781 0.4459339679626154
-0.0072880745435218025 1.7837358718504548
-0.007063826096028823 2.6756038077756923
-0.006839577648535845 3.5674717437009233
-0.006615329201042867 2.2296698398130683
-0.006391080753549888 5.7971415835140006
-0.0061668323060569095 6.689009519439232
-0.005942583858563931 11.594283167027955
-0.005718335411070952 12.486151102953231
-0.005494086963577974 15.161754910728924
-0.005269838516084996 16.499556814616707
-0.005045590068592017 20.512962526280308
-0.004821341621099038 34.782849501084
-0.00459709317360606 30.76944378942034
-0.004372844726113081 37.01251934089708
-0.004148596278620103 42.80966092441108
-0.0039243478311271245 46.37713266811182
-0.0037000993836341454 54.40394409143907
-0.003475850936141167 55.295812027364306
-0.003251602488648189 79.37624629734555
-0.0030273540411552106 86.95712375270932
-0.0028031055936622307 98.99734088770062
-0.0025788571461692524 104.348548503252
-0.002354608698676274 107.91602024695294
-0.002130360251183296 114.60502976639215
-0.0019061118036903177 122.63184118971922
-0.0016818633561973394 130.6586526130453
-0.0014576149087043595 121.73997325379399
-0.0012333664612113812 140.91513387618647
-0.001009118013718403 151.1716151393266
-0.0007848695662254247 148.05007736358831
-0.0005606211187324465 166.33337005005552
-0.00033637267123946823 165.441502114129
-0.00011212422374648826 151.1716151393266
0.00011212422374648999 159.64436053061632
0.00033637267123946823 169.45490782579384
0.0005606211187324465 164.10370021024247
0.0007848695662254247 167.6711719539434
0.001009118013718403 133.33425642082096
0.001233366461211383 145.3744735558126
0.0014576149087043612 132.8883224528594
0.0016818633561973394 130.2127186450837
0.0019061118036903177 119.06436944601832
0.002130360251183296 113.26722786250431
0.002354608698676274 94.53800120807372
0.002578857146169254 94.53800120807446
0.0028031055936622324 74.02503868179416
0.0030273540411552106 74.02503868179416
0.003251602488648189 56.63361393125216
0.003475850936141167 58.41734980310217
0.003700099383634147 47.26900060403723
0.003924347831127125 41.025925052560616
0.004148596278620104 32.553179661270924
0.004372844726113082 34.336915533121115
0.004597093173606062 23.6345003020188
0.004821341621099038 23.18856633405582
0.005045590068592018 16.945490782579515
0.005269838516084995 7.134943487401792
0.005494086963577975 14.269886974803583
0.005718335411070955 7.5808774553645195
0.005942583858563931 6.689009519439179
0.006166832306056911 4.459339679626188
0.006391080753549888 1.783735871850448
0.006615329201042868 2.675603807775713
0.006839577648535844 2.2296698398130594
0.007063826096028824 3.121537775738284
0.007288074543521804 2.229669839813094
0.007512322991014781 0.891867935925224
0.007736571438507761 1.3378019038878566
0.007960819886000737 0.891867935925224
0.008185068333493717 0.0
0.008409316780986697 0.44593396796261886
0.008633565228479674 0.445933967962612
0.008857813675972654 0.0
0.00908206212346563 0.445933967962612
0.00930631057095861 0.0
0.009530559018451587 0.0
0.009754807465944567 0.0
0.009979055913437547 0.0
0.010203304360930523 0.0
0.010427552808423503 0.0
0.01065180125591648 0.0
0.01087604970340946 0.0
0.01110029815090244 0.44593396796261886
0.011324546598395416 
