-0.006187902921359326 0.0
-0.0060653701902433 0.8161084723175731
-0.005942837459127274 0.8161084723175673
-0.005820304728011247 0.0
-0.005697771996895221 0.0
-0.005575239265779195 0.8161084723175731
-0.005452706534663169 0.8161084723175731
-0.005330173803547143 1.6322169446351347
-0.005207641072431116 0.8161084723175731
-0.0050851083413150895 0.8161084723175731
-0.0049625756101990635 0.0
-0.0048400428790830365 0.8161084723175789
-0.004717510147967011 0.8161084723175673
-0.004594977416850984 4.896650833905439
-0.004472444685734958 4.080542361587866
-0.004349911954618932 8.161084723175673
-0.004227379223502905 6.528867778540631
-0.00410484649238688 8.977193195493241
-0.003982313761270853 15.50606097403389
-0.003859781030154827 5.712759306222992
-0.0037372482990388005 14.689952501716316
-0.0036147155679227745 17.954386390986546
-0.003492182836806748 23.66714569720962
-0.003369650105690722 23.66714569720962
-0.003247117374574696 34.27655583733795
-0.0031245846434586693 42.437640560513806
-0.003002051912342643 39.989315143560944
-0.0028795191812266167 43.25374903283138
-0.0027569864501105906 59.57591847918263
-0.002634453718994564 60.39202695150041
-0.002511920987878538 66.92089473004076
-0.0023893882567625115 80.79473875943974
-0.0022668555256464855 96.30079973347362
-0.0021443227945304594 109.3585352905548
-0.0020217900634144333 116.70351154141214
-0.0018992573322984064 140.37065723862256
-0.0017767246011823803 150.98006737875102
-0.0016541918700663542 151.7961758510686
-0.0015316591389503281 171.38277918668916
-0.0014091264078343012 177.91164696523094
-0.001286593676718275 196.68214182853512
-0.001164060945602249 198.31435877317028
-0.001041528214486223 215.4526366918393
-0.0009189954833701969 231.77480613818915
-0.0007964627522541699 220.34928752574473
-0.0006739300211381439 257.89027725235314
-0.0005513972900221178 261.1547111416234
-0.0004288645589060917 257.0741687800355
-0.0003063318277900656 260.338602669304
-0.00018379909667403868 281.55742294956275
-6.12663655580126e-05 243.2003247506368
6.126636555801347e-05 261.970819613941
0.00018379909667403955 278.2929890602905
0.0003063318277900665 202.39490113475813
0.00042886455890609257 244.83254169527194
0.0005513972900221186 229.32648072123806
0.0006739300211381447 225.24593835965018
0.0007964627522541708 243.20032475063508
0.0009189954833701977 200.762684190123
0.0010415282144862238 191.7854909946297
0.00116406094560225 176.2794300205958
0.001286593676718276 159.9572605742432
0.001409126407834303 146.89952501716317
0.001531659138950329 139.55454876630503
0.001654191870066355 141.18676571093917
0.001776724601182382 125.68070473690715
0.0018992573322984072 108.54242681823645
0.002021790063414434 107.72631834592042
0.0021443227945304594 101.19745056737835
0.0022668555256464863 80.79473875943917
0.0023893882567625133 77.53030487017
0.0025119209878785385 69.36922014699323
0.0026344537189945654 57.127593062230524
0.0027569864501105906 48.966508339054045
0.0028795191812266176 37.5409897266081
0.0030020519123426445 36.72488125429105
0.0031245846434586697 35.0926643096554
0.0032471173745746967 22.851037224891886
0.0033696501056907236 18.770494863304314
0.003492182836806749 18.77049486330405
0.0036147155679227758 13.057735557081262
0.003737248299038801 11.425518612445943
0.003859781030154828 5.712759306222972
0.003982313761270855 4.896650833905474
0.00410484649238688 6.528867778540539
0.004227379223502907 4.080542361587894
0.004349911954618932 4.0805423615878365
0.004472444685734959 1.6322169446351347
0.004594977416850986 4.896650833905474
0.004717510147967011 0.8161084723175673
0.004840042879083038 0.0
0.0049625756101990635 0.8161084723175673
0.00508510834131509 3.2644338892702693
0.005207641072431117 0.0
0.005330173803547143 0.8161084723175673
0.0054527065346631695 0.0
0.005575239265779195 0.0
0.005697771996895222 0.8161084723175673
0.005820304728011249 0.8161084723175789
0.005942837459127274 0.0
0.006065370190243301 0.8161084723175789
0.006187902921359326 
