-0.1628558271476551 0.0
-0.1596309592833451 0.0
-0.15640609141903508 0.0
-0.15318122355472508 0.0
-0.14995635569041507 0.0
-0.14673148782610507 0.0
-0.1435066199617951 0.0
-0.14028175209748509 0.0
-0.13705688423317508 0.0
-0.13383201636886508 0.0
-0.13060714850455507 0.06201804489834257
-0.12738228064024507 0.0
-0.12415741277593506 0.12403608979668568
-0.12093254491162507 0.06201804489834257
-0.11770767704731507 0.03100902244917142
-0.11448280918300507 0.12403608979668514
-0.11125794131869507 0.09302706734751386
-0.10803307345438506 0.09302706734751386
-0.10480820559007506 0.031009022449171284
-0.10158333772576505 0.15504511224585643
-0.09835846986145505 0.21706315714419994
-0.09513360199714506 0.31009022449171286
-0.09190873413283505 0.5581624040850831
-0.08868386626852505 0.5891714265342545
-0.08545899840421504 0.5271533816359119
-0.08223413053990504 0.8992616510259711
-0.07900926267559505 0.9302706734751386
-0.07578439481128504 0.8992616510259673
-0.07255952694697504 1.302378942865194
-0.06933465908266503 1.6434781898060853
-0.06610979121835504 2.0776045040944764
-0.06288492335404504 2.356685706137018
-0.059660055489735034 3.038884200018786
-0.05643518762542503 3.5040195367563554
-0.053210319761115024 3.690073671451399
-0.04998545189680503 4.09319096329061
-0.04676058403249503 4.372272165333151
-0.043535716168185024 5.364560883706632
-0.04031084830387502 5.674651108198345
-0.037085980439565014 6.015750355139229
-0.03386111257525501 7.907300724538677
-0.030636244710945004 8.465463128623833
-0.027411376846635027 9.178670644954702
-0.024186508982325022 10.13995034087901
-0.020961641118015018 10.294995453124868
-0.017736773253705013 11.07022101435415
-0.014511905389395008 10.760130789862437
-0.011287037525085003 11.53535635109172
-0.008062169660774998 11.10123003680332
-0.004837301796464993 11.07022101435415
-0.0016124339321549885 12.837735293957024
0.0016124339321549885 11.690401463337574
0.004837301796464993 12.217554844973487
0.008062169660774998 10.915175902108292
0.011287037525085003 11.225266126600005
0.014511905389395008 10.636094700065751
0.017736773253705013 9.364724779649729
0.020961641118015018 9.488760869446413
0.024186508982325022 9.054634555158016
0.027411376846635027 8.093354859233775
0.030636244710945004 6.977030051063539
0.03386111257525501 7.070057118411054
0.037085980439565014 5.79868719799503
0.04031084830387502 4.837407502070721
0.043535716168185024 4.558326300028179
0.04676058403249503 4.403281187782323
0.04998545189680503 4.09319096329061
0.05321031976111504 3.224938334713814
0.05643518762542504 2.20164059389118
0.05966005548973502 1.8915503693994484
0.06288492335404502 1.8605413469502772
0.06610979121835503 1.4574240551110504
0.06933465908266503 1.0543067632718237
0.07255952694697504 0.7752255612292822
0.07578439481128504 0.9612796959243098
0.07900926267559505 0.5891714265342545
0.08223413053990505 0.4651353367375693
0.08545899840421506 0.21706315714419902
0.08868386626852506 0.4651353367375733
0.09190873413283504 0.2170631571441971
0.09513360199714507 0.21706315714420088
0.09835846986145505 0.1550451122458551
0.10158333772576508 0.18605413469502932
0.10480820559007506 0.1240360897966862
0.10803307345438504 0.0
0.11125794131869507 0.03100902244917155
0.11448280918300505 0.06201804489834204
0.11770767704731508 0.1240360897966862
0.12093254491162506 0.03100902244917102
0.12415741277593509 0.03100902244917155
0.12738228064024507 0.03100902244917102
0.1306071485045551 0.03100902244917155
0.13383201636886508 0.03100902244917155
0.13705688423317505 0.0
0.14028175209748509 0.0
0.14350661996179506 0.0
0.1467314878261051 0.0
0.14995635569041507 0.0
0.1531812235547251 0.0
0.15640609141903508 0.0
0.15963095928334511 0.03100902244917155
0.1628558271476551 
