-0.00527781188965135 0.0
-0.0051733007631236 0.0
-0.005068789636595851 0.0
-0.004964278510068101 0.0
-0.004859767383540352 0.0
-0.004755256257012602 0.0
-0.004650745130484853 0.9568359209432871
-0.0045462340039571034 0.0
-0.004441722877429354 1.9136718418865741
-0.0043372117509016045 0.0
-0.004232700624373855 4.784179604716435
-0.0041281894978461055 3.8273436837731483
-0.0040236783713183556 3.8273436837731802
-0.0039191672447906065 3.8273436837731643
-0.003814656118262857 8.61152328848962
-0.0037101449917351075 10.525195130376202
-0.003605633865207358 11.482031051319492
-0.0035011227386796085 7.6546873675463285
-0.003396611612151859 21.050390260752405
-0.0032921004856241096 13.395702893206076
-0.00318758935909636 22.964062102638984
-0.0030830782325686106 21.050390260752405
-0.002978567106040861 35.40292907490177
-0.0028740559795131116 31.575585391128477
-0.0027695448529853617 40.18710867961823
-0.002665033726457612 47.84179604716455
-0.0025605225999298627 57.41015525659746
-0.002456011473402113 53.582811572824305
-0.0023515003468743637 67.93535038697367
-0.0022469892203466142 57.41015525659746
-0.0021424780938188647 96.6404280152724
-0.0020379669672911153 136.82753669489063
-0.0019334558407633658 99.51093577810227
-0.0018289447142356163 103.33827946187543
-0.0017244335877078668 128.216013406401
-0.0016199224611801173 145.43905998338022
-0.0015154113346523678 154.05058327186984
-0.0014109002081246183 173.1873016907357
-0.0013063890815968688 198.06503563526041
-0.001201877955069119 189.4535123467724
-0.0010973668285413699 234.42480063110534
-0.00099285570201362 228.68378510544753
-0.0008883445754858709 235.3816365520486
-0.000783833448958121 249.7341753662
-0.0006793223224303719 268.8708937850637
-0.000574811195902622 285.13710444110194
-0.0004703000693748729 305.2306587809086
-0.000365788942847123 292.7917918086458
-0.00026127781631937307 286.0939403620452
-0.00015676668979162402 288.00761220392945
-5.2255563263874094e-05 292.79179180864827
5.225556326387496e-05 322.4537053578877
0.00015676668979162488 306.1874947018544
0.00026127781631937394 278.43925299449654
0.00036578894284712386 278.4392529944988
0.0004703000693748729 271.74140154789353
0.0005748111959026228 267.9140578641226
0.0006793223224303719 248.77733944525463
0.0007838334489581218 221.98593365884446
0.0008883445754858709 225.81327734261575
0.0009928557020136208 199.97870747714867
0.0010973668285413699 208.5902307656366
0.0012018779550691198 202.84921523997855
0.0013063890815968688 183.7124968211111
0.0014109002081246188 177.9714812954514
0.0015154113346523687 139.69804445772107
0.0016199224611801177 130.12968524828705
0.0017244335877078677 147.35273182526743
0.0018289447142356167 104.2951153828183
0.0019334558407633666 100.46777169904598
0.0020379669672911157 92.81308433149886
0.0021424780938188656 70.80585814980384
0.0022469892203466147 66.97851446603009
0.0023515003468743646 44.97128828433487
0.0024560114734021136 58.366991177540996
0.0025605225999298627 57.41015525659722
0.0026650337264576126 32.53242131207176
0.0027695448529853625 30.618749470185186
0.0028740559795131125 29.66191354924239
0.0029785671060408607 27.748241707355326
0.0030830782325686106 22.007226181695604
0.0031875893590963605 15.309374735092593
0.0032921004856241104 15.309374735092593
0.0033966116121518604 15.309374735092849
0.0035011227386796085 11.482031051319444
0.0036056338652073585 7.6546873675462965
0.0037101449917351084 4.784179604716435
0.0038146561182628583 4.784179604716514
0.0039191672447906065 3.8273436837731483
0.004023678371318356 3.8273436837731483
0.004128189497846106 2.870507762829861
0.004232700624373856 2.870507762829909
0.0043372117509016045 1.9136718418865741
0.004441722877429354 1.9136718418865741
0.004546234003957104 0.9568359209432871
0.004650745130484854 1.9136718418865741
0.004755256257012604 0.956835920943303
0.004859767383540352 0.9568359209432871
0.004964278510068102 0.0
0.005068789636595852 0.0
0.005173300763123602 1.913671841886606
0.00527781188965135 
