-0.020175324549594136 0.2503057627443029
-0.01977581317237445 0.0
-0.019376301795154764 0.2503057627443029
-0.01897679041793508 0.0
-0.01857727904071539 0.0
-0.018177767663495707 0.0
-0.01777825628627602 0.0
-0.017378744909056335 0.0
-0.016979233531836647 0.0
-0.016579722154616963 0.7509172882329088
-0.01618021077739728 0.0
-0.01578069940017759 0.25030576274430183
-0.015381188022957905 0.5006115254886037
-0.01498167664573822 0.2503057627443029
-0.014582165268518535 0.5006115254886015
-0.014182653891298847 0.7509172882329088
-0.013783142514079163 0.7509172882329023
-0.013383631136859475 1.0012230509772115
-0.012984119759639791 1.501834576465811
-0.012584608382420105 1.752140339210113
-0.012185097005200419 2.7533633901873205
-0.011785585627980733 3.504280678420226
-0.011386074250761047 3.7545864411645278
-0.01098656287354136 5.2564210176303385
-0.010587051496321675 4.7558094921417355
-0.010187540119101989 6.257644068607546
-0.009788028741882303 9.761924747027814
-0.009388517364662619 11.013453560749282
-0.008989005987442933 11.013453560749282
-0.008589494610223247 19.023237968566942
-0.00818998323300356 13.766816950936601
-0.0077904718557838745 22.77782440973147
-0.0073909604785641885 23.02813017247577
-0.0069914491013445025 25.53118779991879
-0.0065919377241248165 34.29188949596936
-0.0061924263469051305 40.04892203908829
-0.0057929149696854445 41.3004508528098
-0.0053934035924657585 45.55564881946313
-0.004993892215246074 45.805954582207235
-0.004594380838026388 59.82307729588813
-0.004194869460806702 60.57399458412079
-0.0037953580835870145 70.08561356840482
-0.00339584670636733 68.583778991939
-0.002996335329147646 74.84142306054594
-0.002596823951927958 78.34570373896682
-0.002197312574708274 87.35671119776096
-0.0017978011974885862 88.10762848599464
-0.0013982898202689019 83.85243051934076
-0.0009987784430492141 90.86099187618196
-0.0005992670658295299 89.10885153697106
-0.00019975568860984214 82.35059594287566
0.00019975568860984214 86.60579390952806
0.0005992670658295299 85.103959333063
0.0009987784430492141 85.8548766212959
0.0013982898202688984 77.09417492524463
0.0017978011974885862 78.59600950171112
0.0021973125747082704 74.09050577231302
0.002596823951927958 77.5947864507339
0.0029963353291476424 68.08316746644981
0.00339584670636733 65.07949831351877
0.0037953580835870145 61.82552339784228
0.004194869460806702 55.31757356649095
0.0045943808380263865 43.30289695476403
0.004993892215246074 49.059929497883374
0.0053934035924657585 40.54953356457707
0.005792914969685443 38.29678169987801
0.0061924263469051305 34.0415837332252
0.006591937724124815 26.53241085089588
0.0069914491013445025 23.528741697964474
0.007390960478564187 24.279658986197173
0.0077904718557838745 15.769263052891084
0.008189983233003559 14.517734239169442
0.008589494610223247 10.512842035260721
0.00898900598744293 11.764370848982136
0.009388517364662619 8.260090170561996
0.009788028741882303 6.507949831351875
0.010187540119101987 5.256421017630316
0.010587051496321675 3.0036691529316353
0.010986562873541359 3.003669152931609
0.011386074250761047 3.0036691529316353
0.011785585627980731 4.004892203908846
0.012185097005200415 3.50428067842018
0.012584608382420107 2.503057627443029
0.012984119759639791 1.7521403392101205
0.013383631136859475 0.5006115254886058
0.01378314251407916 0.5006115254886058
0.014182653891298844 0.7509172882328957
0.014582165268518535 0.0
0.01498167664573822 0.2503057627443029
0.015381188022957903 0.2503057627443029
0.015780699400177588 0.2503057627442986
0.01618021077739728 0.0
0.016579722154616963 0.2503057627443029
0.016979233531836647 0.0
0.017378744909056332 0.0
0.017778256286276023 0.2503057627443029
0.018177767663495707 0.0
0.01857727904071539 0.0
0.018976790417935076 0.2503057627443029
0.01937630179515476 0.0
0.01977581317237445 0.0
0.020175324549594136 
