-0.013482517468918327 0.37455912900850424
-0.01321553692497935 0.0
-0.012948556381040373 0.0
-0.012681575837101397 0.7491182580170085
-0.01241459529316242 0.0
-0.012147614749223443 0.0
-0.011880634205284468 0.37455912900850424
-0.01161365366134549 0.0
-0.011346673117406513 0.37455912900850424
-0.011079692573467536 0.37455912900850424
-0.010812712029528559 1.1236773870255201
-0.010545731485589583 1.8727956450425212
-0.010278750941650606 0.7491182580170085
-0.010011770397711629 2.2473547740510402
-0.009744789853772653 3.371032161076539
-0.009477809309833676 5.992946064136068
-0.009210828765894699 4.494709548102051
-0.008943848221955722 6.367505193144573
-0.008676867678016745 5.992946064136108
-0.00840988713407777 5.992946064136068
-0.008142906590138792 10.113096483229615
-0.007875926046199815 10.86221474124666
-0.007608945502260839 13.109569515297693
-0.007341964958321862 12.735010386289146
-0.007074984414382885 16.106042547365682
-0.006808003870443908 17.60427906339976
-0.006541023326504932 19.477074708442284
-0.006274042782565955 28.466493804646323
-0.006007062238626978 25.095461643569784
-0.005740081694688001 31.462966836714564
-0.005473101150749025 32.58664422373987
-0.005206120606810048 39.703267674901454
-0.004939140062871071 47.56900938408004
-0.004672159518932094 53.5619554482161
-0.004405178974993117 45.32165461002931
-0.004138198431054141 57.68210586730966
-0.003871217887115164 65.92240670549675
-0.003604237343176187 74.91182580170134
-0.0033372567992372114 78.6574170917859
-0.003070276255298234 78.2828579627774
-0.002803295711359257 83.90124489790496
-0.00253631516742028 92.51610486510056
-0.0022693346234813026 97.38537354221174
-0.002002354079542327 101.13096483229616
-0.00173537353560335 105.2511152513897
-0.0014683929916643728 103.37831960634784
-0.0012014124477253973 122.1062760567724
-0.0009344319037864202 119.10980302470436
-0.000667451359847443 117.61156650867034
-0.0004004708159084658 103.37831960634719
-0.0001334902719694886 113.49141608957753
0.00013349027196948686 118.36068476668736
0.00040047081590846405 112.74229783155978
0.0006674513598474412 102.25464221932232
0.0009344319037864167 103.00376047733867
0.0012014124477253939 97.75993267121962
0.001468392991664371 103.00376047733867
0.0017353735356033483 92.89066399410906
0.0020023540795423254 93.63978225212607
0.0022693346234813026 88.02139531699964
0.0025363151674202764 91.39242747807504
0.0028032957113592535 80.90477186583692
0.0030702762552982307 71.91535276963282
0.003337256799237208 73.41358928566683
0.003604237343176185 63.67505193144573
0.0038712178871151623 55.809310222267136
0.0041381984310541395 51.689159803173595
0.004405178974993117 48.692686771105556
0.004672159518932094 43.44885896498706
0.004939140062871068 36.33223551382492
0.005206120606810045 38.205031158867435
0.005473101150749022 32.212085094731364
0.005740081694687999 32.212085094731364
0.006007062238626976 24.720902514561285
0.0062740427825659535 20.22619296645923
0.006541023326504931 14.982365160340365
0.006808003870443904 13.109569515297649
0.007074984414382882 11.985892128272136
0.007341964958321859 13.109569515297649
0.007608945502260836 10.48765561223812
0.007875926046199813 8.989419096204102
0.00814290659013879 8.989419096204102
0.008409887134077768 6.367505193144573
0.008676867678016745 5.618386935127564
0.008943848221955722 3.3710321610765823
0.009210828765894696 2.62191390305953
0.009477809309833673 1.498236516034017
0.00974478985377265 1.498236516034017
0.010011770397711627 1.1236773870255128
0.010278750941650604 0.7491182580170085
0.010545731485589582 0.7491182580170085
0.010812712029528559 0.7491182580170183
0.011079692573467533 0.7491182580170085
0.01134667311740651 0.37455912900850424
0.011613653661345487 1.498236516034017
0.011880634205284464 0.7491182580170085
0.012147614749223441 0.37455912900850424
0.012414595293162418 0.37455912900850424
0.012681575837101396 0.0
0.012948556381040373 0.0
0.01321553692497935 0.0
0.013482517468918327 
