-0.024261993273565617 0.20814448108442035
-0.023781557763197982 0.0
-0.023301122252830344 0.0
-0.02282068674246271 0.20814448108442035
-0.022340251232095074 0.0
-0.021859815721727436 0.0
-0.0213793802113598 0.0
-0.020898944700992166 0.0
-0.020418509190624528 0.0
-0.019938073680256893 0.20814448108442035
-0.019457638169889258 0.624433443253261
-0.018977202659521623 0.6244334432532566
-0.018496767149153985 0.20814448108442035
-0.01801633163878635 0.4162889621688407
-0.017535896128418715 1.457011367590932
-0.017055460618051077 0.624433443253261
-0.016575025107683442 0.20814448108442035
-0.016094589597315807 0.20814448108441885
-0.015614154086948169 0.624433443253261
-0.015133718576580534 2.0814448108441956
-0.014653283066212898 3.122167216266294
-0.014172847555845261 4.162889621688406
-0.013692412045477626 3.954745140603972
-0.01321197653510999 5.411756508194909
-0.012731541024742353 4.995467546026088
-0.012251105514374718 9.782790610967721
-0.011770670004007082 8.117634762292363
-0.011290234493639445 11.447946459643118
-0.01080979898327181 10.823513016389818
-0.010329363472904174 14.98640263807821
-0.009848927962536537 17.484136411091306
-0.009368492452168902 18.94114777868218
-0.008888056941801266 21.230737070610797
-0.008407621431433629 22.063314994948556
-0.007927185921065994 29.764660795072107
-0.007446750410698359 30.805383200493985
-0.006966314900330721 42.04518517905291
-0.006485879389963086 37.46600659519566
-0.006005443879595451 39.33930692495516
-0.005525008369227813 48.497664092669936
-0.005044572858860178 51.41168682785182
-0.004564137348492543 46.83250824399423
-0.004083701838124905 57.44787677930001
-0.00360326632775727 59.529321590144214
-0.003122830817389635 65.98180050376078
-0.002642395307021997 60.77818847665073
-0.002161959796654362 68.47953427677429
-0.0016815242862867272 64.94107809833868
-0.0012010887759190889 66.81437842809893
-0.000720653265551454 73.47500182280038
-0.00024021775518381916 72.01799045520892
0.00024021775518381916 72.43427941737828
0.000720653265551454 70.76912356870291
0.0012010887759190889 65.98180050376078
0.0016815242862867272 70.56097908761849
0.002161959796654362 61.610766400988425
0.002642395307021997 57.03158781713076
0.003122830817389635 51.82797579002066
0.00360326632775727 56.82344333604676
0.004083701838124905 54.11756508194889
0.004564137348492543 49.122097535923196
0.005044572858860178 48.28951961158552
0.005525008369227813 38.298584519533065
0.006005443879595451 38.50672900061776
0.006485879389963086 34.135694897844935
0.006966314900330721 31.221672162662824
0.007446750410698359 30.389094238325587
0.00792718592106599 23.728470843623747
0.008407621431433629 19.56558122193537
0.008888056941801267 21.85517051386429
0.009368492452168899 17.90042537326002
0.009848927962536537 13.945680232656061
0.010329363472904175 12.48866886506531
0.010809798983271807 9.366501648798847
0.011290234493639445 9.782790610967686
0.011770670004007083 6.036189951448233
0.012251105514374715 8.533923724461172
0.012731541024742353 5.411756508194889
0.013211976535109991 3.538456178435171
0.013692412045477623 4.9954675460260525
0.014172847555845261 2.0814448108441885
0.0146532830662129 2.0814448108442183
0.01513371857658053 1.6651558486753508
0.015614154086948169 1.457011367590932
0.016094589597315807 2.0814448108442183
0.01657502510768344 0.8325779243376754
0.017055460618051077 1.2488668865065131
0.017535896128418715 0.8325779243376874
0.018016331638786347 0.4162889621688377
0.018496767149153985 0.20814448108441885
0.018977202659521623 0.20814448108442185
0.019457638169889255 0.20814448108441885
0.019938073680256893 0.0
0.02041850919062453 0.0
0.020898944700992163 0.0
0.0213793802113598 0.0
0.02185981572172744 0.0
0.02234025123209507 0.0
0.02282068674246271 0.0
0.023301122252830347 0.0
0.02378155776319798 0.0
0.024261993273565617 
