-0.012055809008873477 0.41888520266728135
-0.011817080117608656 0.0
-0.011578351226343835 0.41888520266728135
-0.011339622335079014 0.41888520266728135
-0.011100893443814193 0.0
-0.010862164552549371 0.0
-0.010623435661284548 0.8377704053345627
-0.010384706770019727 1.256655608001844
-0.010145977878754906 0.41888520266728135
-0.009907248987490085 0.41888520266728135
-0.009668520096225264 0.41888520266728135
-0.009429791204960443 0.41888520266728135
-0.009191062313695621 1.256655608001844
-0.0089523334224308 0.8377704053345627
-0.008713604531165979 1.6755408106691134
-0.008474875639901156 2.932196418670991
-0.008236146748636337 0.8377704053345567
-0.007997417857371514 2.0944260133364145
-0.0077586889661066935 5.445507634674638
-0.007519960074841871 6.283278040009221
-0.00728123118357705 8.377704053345628
-0.007042502292312229 6.283278040009221
-0.006803773401047408 10.053244864014752
-0.006565044509782587 14.242096890687566
-0.0063263156185177655 11.728785674683836
-0.0060875867272529435 15.49875249868941
-0.005848857835988122 16.336522904023973
-0.005610128944723301 21.78203053869863
-0.00537140005345848 25.133112160036884
-0.005132671162193659 23.038686146700392
-0.004893942270928837 32.673045808047945
-0.0046552133796640156 45.65848709073367
-0.004416484488399194 47.3340279014028
-0.004177755597134373 50.26622432007377
-0.003939026705869552 65.34609161609589
-0.003700297814604731 63.67055080542677
-0.0034615689233399097 71.62936965610511
-0.0032228400320750885 77.4937624934465
-0.0029841111408102656 78.7504181014489
-0.0027453822495454444 94.6680558028056
-0.0025066533582806232 103.88353026148577
-0.002267924467015802 101.3702190454821
-0.002029195575750981 118.12562715217337
-0.0017904666844861597 129.8544128268572
-0.0015517377932213385 108.91015269349315
-0.0013130089019565173 118.12562715217337
-0.0010742800106916962 131.52995363752635
-0.000835551119426875 128.1788720161881
-0.0005968222281620538 137.81323167753456
-0.0003580933368972309 144.93428012287936
-0.00011936444563240972 121.4767087735116
0.00011936444563241146 139.90765769087199
0.00035809333689723263 147.86647654155036
0.0005968222281620538 136.13769086686645
0.000835551119426875 121.05782357084432
0.0010742800106916962 128.1788720161881
0.0013130089019565173 129.8544128268572
0.0015517377932213385 122.73336438151344
0.0017904666844861597 105.97795627482142
0.0020291955757509826 94.6680558028056
0.002267924467015804 97.18136701880928
0.002506653358280625 91.31697418146734
0.002745382249545446 76.23710688544521
0.0029841111408102673 69.11605844010143
0.0032228400320750885 76.23710688544521
0.0034615689233399097 65.76497681876317
0.003700297814604731 59.06281357608625
0.003939026705869554 47.33402790140314
0.004177755597134373 53.61730594141163
0.004416484488399196 37.28078303738831
0.0046552133796640156 41.05074986139328
0.0048939422709288385 32.254160605380896
0.005132671162193658 31.416390200045875
0.005371400053458481 22.619800944033358
0.0056101289447233 18.012063714692967
0.005848857835988123 18.012063714692967
0.006087586727252946 12.147670877351247
0.0063263156185177655 9.215474458680124
0.0065650445097825885 14.660982093354955
0.006803773401047408 12.566556080018351
0.007042502292312231 7.121048445343836
0.00728123118357705 3.769966824005505
0.007519960074841873 4.188852026672845
0.007758688966106693 2.9321964186709484
0.007997417857371516 2.5133112160037063
0.008236146748636335 1.6755408106691134
0.008474875639901158 0.0
0.00871360453116598 1.6755408106691378
0.0089523334224308 1.6755408106691134
0.009191062313695623 0.41888520266728446
0.009429791204960443 0.0
0.009668520096225265 0.0
0.009907248987490085 0.0
0.010145977878754908 0.0
0.010384706770019727 0.0
0.01062343566128455 0.41888520266728446
0.01086216455254937 0.0
0.011100893443814193 0.0
0.011339622335079015 0.41888520266728446
0.011578351226343835 0.0
0.011817080117608658 0.0
0.012055809008873477 
