-0.012634914106418333 0.39968613616729515
-0.012384717787479356 0.0
-0.012134521468540379 0.0
-0.011884325149601402 0.0
-0.011634128830662425 0.0
-0.011383932511723448 0.0
-0.01113373619278447 0.7993722723345958
-0.010883539873845495 0.7993722723345903
-0.010633343554906518 0.39968613616729515
-0.010383147235967541 0.7993722723345903
-0.010132950917028564 2.398116817003771
-0.009882754598089587 1.5987445446691806
-0.00963255827915061 0.39968613616729515
-0.009382361960211633 0.7993722723345903
-0.009132165641272656 3.1974890893383834
-0.00888196932233368 1.5987445446691806
-0.008631773003394703 5.195919770174838
-0.008381576684455726 3.996861361672952
-0.00813138036551675 5.995292042509428
-0.007881184046577772 6.7946643148440184
-0.007630987727638795 6.7946643148440184
-0.007380791408699818 7.993722723345904
-0.007130595089760841 9.19278113184779
-0.006880398770821864 12.789956357353445
-0.006630202451882887 14.388700902022677
-0.006380006132943911 18.785248399862873
-0.006129809814004934 19.584620672197463
-0.005879613495065957 25.180226578539596
-0.00562941717612698 26.778971123208773
-0.0053792208571880025 29.976460212547245
-0.005129024538249026 39.96861361672951
-0.004878828219310049 42.766416569900585
-0.004628631900371072 42.36673043373329
-0.004378435581432095 50.76013929324649
-0.004128239262493118 49.5610808847446
-0.003878042943554141 57.15511747192321
-0.003627846624615164 75.14099359945149
-0.003377650305676187 63.550095650600376
-0.0031274539867372116 79.13785496112445
-0.0028772576677982345 83.93408859513198
-0.0026270613488592574 94.32592813548166
-0.0023768650299202804 94.72561427164896
-0.0021266687109813033 111.51243199067535
-0.0018764723920423262 108.7146290375043
-0.0016262760731033492 106.31651222050053
-0.0013760797541643721 116.3086656246829
-0.001125883435225395 119.50615471402125
-0.000875687116286418 130.6973665267055
-0.0006254907973474409 119.90584085018938
-0.0003752944784084656 134.2945417522112
-0.00012509815946948853 122.30395766719232
0.00012509815946948853 117.10803789701748
0.0003752944784084656 123.9027022118615
0.0006254907973474427 125.90113289269797
0.0008756871162864197 123.10332993952693
0.0011258834352253968 119.10646857785396
0.0013760797541643739 123.5030160756942
0.001626276073103351 112.71149039917724
0.001876472392042328 105.11745381199937
0.0021266687109813033 95.52498654398354
0.0023768650299202804 94.72561427164896
0.0026270613488592574 85.13314700363388
0.0028772576677982345 87.13157768447034
0.0031274539867372116 69.14570155694207
0.0033776503056761886 63.94978178676723
0.0036278466246151657 58.75386201659239
0.0038780429435541428 62.75072337826535
0.00412823926249312 49.960767020911895
0.004378435581432097 48.362022476242714
0.004628631900371074 41.5673581613987
0.004878828219310051 33.5736354380528
0.005129024538249028 24.7805404423723
0.005379220857188005 29.177087940212548
0.005629417176126982 23.981168170037712
0.005879613495065959 16.38713158285933
0.006129809814004933 22.382423625368528
0.00638000613294391 16.3871315828591
0.006630202451882887 9.592467268015085
0.006880398770821864 11.990584085018856
0.007130595089760841 6.7946643148440184
0.007380791408699818 9.592467268015085
0.007630987727638795 6.394978178676722
0.007881184046577772 6.7946643148440184
0.00813138036551675 4.796233634007542
0.008381576684455726 3.197489089338361
0.008631773003394703 2.398116817003771
0.00888196932233368 1.998430680836476
0.009132165641272658 3.5971752255056564
0.009382361960211635 1.5987445446691806
0.009632558279150612 0.39968613616729515
0.009882754598089589 0.39968613616729515
0.010132950917028566 0.7993722723345903
0.010383147235967543 1.1990584085018856
0.01063334355490652 0.39968613616729515
0.010883539873845497 0.0
0.011133736192784474 0.0
0.011383932511723451 0.7993722723346014
0.011634128830662425 0.39968613616729515
0.011884325149601402 0.0
0.012134521468540379 0.0
0.012384717787479356 0.0
0.012634914106418333 
