-0.007781155040770647 0.0
-0.007627072762735584 0.0
-0.0074729904847005224 0.649003904117021
-0.00731890820666546 1.2980078082340494
-0.007164825928630398 0.0
-0.007010743650595335 2.5960156164680988
-0.0068566613725602734 0.0
-0.006702579094525211 1.2980078082340494
-0.006548496816490149 0.649003904117021
-0.006394414538455086 3.245019520585105
-0.0062403322604200236 1.2980078082340494
-0.006086249982384962 5.192031232936168
-0.005932167704349899 5.841035137053189
-0.005778085426314836 5.841035137053223
-0.0056240031482797746 5.841035137053223
-0.005469920870244713 5.841035137053189
-0.00531583859220965 7.1390429452872315
-0.005161756314174587 14.927089794691568
-0.0050076740361395256 11.03306636998942
-0.004853591758104464 16.874101507042546
-0.004699509480069401 11.033066369989356
-0.004545427202034338 19.47011712351074
-0.0043913449239992765 27.907167877031902
-0.004237262645964214 25.96015616468084
-0.004083180367929151 29.854179589383136
-0.003929098089894089 38.94023424702126
-0.0037750158118590267 42.1852537676066
-0.003620933533823965 37.64222643878722
-0.003466851255788902 53.867324041713054
-0.0033127689777538404 59.059355274648915
-0.0031586866997187777 72.03943335698975
-0.003004604421683716 63.60238260346806
-0.002850522143648653 83.72150363109571
-0.0026964398656135905 90.21154267226643
-0.0025423575875785287 95.4035739052021
-0.002388275309543466 96.05257780931966
-0.002234193031508404 126.5557613028191
-0.0020801107534733415 129.80078082340495
-0.0019260284754382797 110.33066369989358
-0.001771946197403217 161.60197212513916
-0.0016178639193681552 140.83384719339358
-0.0014637816413330925 162.25097602925527
-0.0013096993632980298 175.23105411159665
-0.001155617085262968 190.8071478104042
-0.0010015348072279053 173.9330463033626
-0.0008474525291928435 179.77408144041485
-0.0006933702511577808 155.11193308396892
-0.000539287973122719 176.5290619198297
-0.0003852056950876563 175.23105411159568
-0.0002311234170525936 206.38324150921386
-7.704113901753178e-05 183.668104865118
7.704113901753004e-05 195.35017513922222
0.0002311234170525936 177.82706972806477
0.0003852056950876554 186.26412048158608
0.0005392879731227172 170.68802678277748
0.000693370251157779 180.42308534453082
0.0008474525291928426 184.317108769235
0.0010015348072279044 170.68802678277748
0.0011556170852629662 138.88683548104171
0.0013096993632980298 161.60197212513916
0.0014637816413330916 139.5358393851603
0.0016178639193681534 129.80078082340495
0.0017719461974032152 116.17169883694612
0.0019260284754382788 130.44978472752197
0.0020801107534733406 114.87369102871337
0.0022341930315084024 101.24460904225471
0.002388275309543466 81.77449191874511
0.002542357587578528 89.56253876814941
0.0026964398656135896 72.68843726110676
0.0028505221436486514 57.76134746641455
0.003004604421683715 59.70835917876627
0.003158686699718777 62.30437479523437
0.0033127689777538386 52.5693162334784
0.003466851255788902 50.62230452112792
0.003620933533823964 37.64222643878743
0.003775015811859026 37.64222643878743
0.003929098089894088 26.60916006879771
0.004083180367929151 33.09919910996826
0.004237262645964213 17.523105411159666
0.004391344923999275 16.22509760292562
0.004545427202034337 18.821113219393503
0.0046995094800694 13.62908198645752
0.004853591758104462 13.62908198645752
0.005007674036139524 11.033066369989296
0.005161756314174587 14.278085890574543
0.005315838592209649 5.841035137053223
0.005469920870244711 10.384062465872395
0.005624003148279773 5.841035137053156
0.005778085426314836 5.841035137053223
0.005932167704349898 2.5960156164680988
0.00608624998238496 2.5960156164680694
0.0062403322604200236 0.6490039041170247
0.006394414538455085 0.6490039041170247
0.006548496816490147 1.2980078082340494
0.006702579094525209 1.2980078082340347
0.006856661372560273 0.6490039041170247
0.007010743650595334 0.0
0.007164825928630396 0.6490039041170174
0.00731890820666546 1.2980078082340494
0.007472990484700522 0.0
0.007627072762735583 0.6490039041170174
0.007781155040770647 
