-0.027632667225625678 0.18275470691141912
-0.027085485696405367 0.0
-0.026538304167185056 0.0
-0.025991122637964745 0.0
-0.025443941108744435 0.0
-0.024896759579524124 0.0
-0.024349578050303813 0.3655094138228406
-0.023802396521083506 0.36550941382283597
-0.023255214991863192 0.5482641207342608
-0.022708033462642885 0.18275470691141799
-0.02216085193342257 0.3655094138228406
-0.021613670404202263 1.0965282414685147
-0.021066488874981953 0.5482641207342573
-0.020519307345761642 1.0965282414685147
-0.01997212581654133 0.9137735345570956
-0.01942494428732102 1.0965282414685147
-0.01887776275810071 1.644792362202772
-0.0183305812288804 0.9137735345570956
-0.01778339969966009 2.3758111898484486
-0.017236218170439778 4.020603552051221
-0.016689036641219467 2.5585658967598675
-0.016141855111999157 2.9240753105827153
-0.015594673582778848 5.117131793519735
-0.015047492053558537 4.751622379696897
-0.014500310524338226 7.858452397191022
-0.013953128995117916 7.675697690279603
-0.013405947465897605 7.492942983368184
-0.012858765936677294 10.417018293950923
-0.012311584407456985 14.437621846002111
-0.011764402878236675 15.716904794382044
-0.011217221349016364 14.62037655291353
-0.010670039819796053 20.285772467167526
-0.010122858290575742 20.103017760256105
-0.009575676761355432 20.83403658790178
-0.009028495232135121 24.67188543304158
-0.00848131370291481 24.123621312307325
-0.0079341321736945 32.347583123321186
-0.007386950644474189 36.002677261549564
-0.006839769115253878 40.38879022742363
-0.006292587586033568 40.93705434815788
-0.005745406056813257 40.206035520512465
-0.00519822452759295 47.69897850388039
-0.004651042998372639 46.41969555550046
-0.004103861469152328 48.61275203843749
-0.0035566799399320177 54.27814795269148
-0.003009498410711707 50.07478969372884
-0.0024623168814913964 52.08509146975445
-0.0019151353522710857 59.395279746211216
-0.001367953823050775 58.48150621165412
-0.0008207722938304643 63.96414741899669
-0.0002735907646101536 60.12629857385689
0.0002735907646101571 53.5471291250458
0.0008207722938304678 59.2125250392998
0.0013679538230507785 55.74018560798284
0.0019151353522710891 52.08509146975445
0.0024623168814914 53.729883831957565
0.003009498410711707 48.61275203843749
0.0035566799399320177 48.61275203843749
0.004103861469152328 48.247242624614344
0.004651042998372643 42.3990920034495
0.00519822452759295 44.95765790020882
0.005745406056813264 39.657771399778206
0.006292587586033571 37.83022433066352
0.006839769115253885 31.06830017494145
0.0073869506444741925 27.59596074362446
0.0079341321736945 30.154526640383963
0.008481313702914814 23.392602484661797
0.009028495232135121 24.854640139952842
0.009575676761355435 21.565055415547594
0.010122858290575742 17.727206570407542
0.010670039819796057 16.082414208204987
0.011217221349016364 12.792829483799258
0.011764402878236678 12.79282948379942
0.012311584407456985 10.965282414685078
0.0128587659366773 11.330791828508058
0.013405947465897607 7.858452397190973
0.01395312899511792 6.944678862633971
0.014500310524338228 5.665395914253957
0.015047492053558542 4.7516223796969275
0.01559467358277885 3.655094138228359
0.016141855111999164 4.386112965874086
0.01668903664121947 3.6550941382284057
0.017236218170439778 3.8378488451397774
0.017783399699660092 2.558565896759884
0.0183305812288804 2.0103017760255977
0.018877762758100713 1.0965282414685216
0.01942494428732102 0.9137735345570898
0.019972125816541335 1.279282948379942
0.020519307345761642 0.9137735345570898
0.021066488874981956 0.7310188276456812
0.021613670404202263 0.36550941382283597
0.022160851933422578 0.5482641207342608
0.022708033462642885 0.36550941382283597
0.0232552149918632 0.3655094138228406
0.023802396521083506 0.0
0.02434957805030382 0.0
0.024896759579524128 0.0
0.025443941108744435 0.18275470691141799
0.02599112263796475 0.0
0.026538304167185056 0.0
0.02708548569640537 0.1827547069114203
0.027632667225625678 
