-0.2938102195211364 0.017187965783595573
-0.287992195372203 0.0
-0.2821741712232696 0.0
-0.2763561470743362 0.0
-0.2705381229254028 0.0
-0.2647200987764694 0.0
-0.258902074627536 0.0
-0.2530840504786026 0.0
-0.24726602632966924 0.0
-0.24144800218073587 0.0
-0.23562997803180247 0.0
-0.22981195388286907 0.017187965783595573
-0.22399392973393567 0.03437593156719115
-0.21817590558500227 0.0
-0.21235788143606887 0.0
-0.20653985728713548 0.03437593156719115
-0.20072183313820208 0.017187965783595573
-0.19490380898926868 0.051563897350786966
-0.1890857848403353 0.0687518631343823
-0.1832677606914019 0.1375037262687646
-0.1774497365424685 0.10312779470157393
-0.17163171239353514 0.2234435551867414
-0.16581368824460171 0.2750074525375305
-0.15999566409566834 0.2578194867539336
-0.15417763994673495 0.2578194867539336
-0.14835961579780155 0.2578194867539336
-0.14254159164886815 0.41251117880629373
-0.13672356749993475 0.481263041940676
-0.13090554335100135 0.7218945629110175
-0.12508751920206798 0.8765862549633743
-0.11926949505313458 0.962526083881352
-0.11345147090420118 1.1859696390680945
-0.10763344675526779 1.3922252284712413
-0.10181542260633439 1.5984808178743883
-0.09599739845740099 1.9422401335462998
-0.09017937430846759 1.9422401335463089
-0.08436135015953422 2.526630970188549
-0.07854332601060082 2.9735180805620343
-0.07272530186166742 3.1110218068307987
-0.06690727771273403 3.815728403958217
-0.06108925356380063 4.1766756854137235
-0.05527122941486723 4.623562795787231
-0.04945320526593386 5.190765666645838
-0.04363518111700043 5.053261940377098
-0.037817156968067034 5.517337016534231
-0.03199913281913369 5.998600058474855
-0.026181108670200293 6.101727853176428
-0.020363084521266894 7.047065971274185
-0.014545060372333496 6.273607511012384
-0.008727036223400098 6.823622416087442
-0.002909012074466699 6.7204946213858685
0.002909012074466699 6.926750210789017
0.008727036223400098 6.617366826684296
0.014545060372333496 5.9470361611240685
0.020363084521266894 6.840810381871038
0.026181108670200293 5.86109633220609
0.03199913281913369 5.448585153399796
0.03781715696806709 4.726690590488828
0.04363518111700043 5.379833290265414
0.04945320526593383 4.245427548548106
0.05527122941486723 4.520435001085636
0.06108925356380063 3.506345019853497
0.06690727771273403 3.3860292593683274
0.07272530186166742 2.732886559591696
0.07854332601060082 2.2172475860838285
0.08436135015953422 2.371939278136189
0.09017937430846762 1.925052167762704
0.09599739845740102 1.4437891258220281
0.10181542260633442 1.4953530231728147
0.10763344675526781 1.5125409889564103
0.11345147090420121 0.8422103233961911
0.11926949505313456 0.7047065971274185
0.12508751920206795 0.687518631343823
0.13090554335100135 0.7047065971274185
0.13672356749993475 0.5672028708586538
0.14254159164886815 0.3781352472391026
0.14835961579780155 0.30938338410472027
0.15417763994673495 0.2921954183211247
0.15999566409566834 0.36094728145550703
0.16581368824460174 0.1375037262687646
0.17163171239353514 0.1890676236195513
0.17744973654246854 0.0687518631343823
0.18326776069140194 0.0687518631343823
0.18908578484033534 0.06875186313438295
0.19490380898926868 0.017187965783595573
0.20072183313820208 0.034375931567190814
0.20653985728713553 0.017187965783595573
0.21235788143606893 0.05156389735078672
0.21817590558500233 0.017187965783595573
0.22399392973393573 0.0171879657835959
0.229811953882869 0.017187965783595573
0.2356299780318024 0.0
0.2414480021807358 0.0
0.2472660263296692 0.0
0.2530840504786026 0.0
0.258902074627536 0.0
0.2647200987764694 0.0
0.2705381229254028 0.0
0.2763561470743362 0.0
0.2821741712232696 0.0
0.287992195372203 0.0
0.2938102195211364 
