-1.917800144455564 0.0
-1.8798239039712954 0.0
-1.8418476634870267 0.0
-1.8038714230027582 0.0
-1.7658951825184896 0.0
-1.727918942034221 0.0026332253726227732
-1.6899427015499524 0.0
-1.6519664610656837 0.0
-1.6139902205814152 0.0026332253726227732
-1.5760139800971467 0.0
-1.538037739612878 0.0
-1.5000614991286094 0.0
-1.4620852586443407 0.0026332253726227732
-1.4241090181600722 0.0
-1.3861327776758037 0.0052664507452455465
-1.3481565371915352 0.0
-1.3101802967072664 0.0
-1.2722040562229977 0.0
-1.2342278157387292 0.0026332253726227732
-1.1962515752544607 0.0052664507452455465
-1.1582753347701922 0.007899676117868275
-1.1202990942859234 0.010532901490491093
-1.082322853801655 0.002633225372622758
-1.0443466133173862 0.018432577608359414
-1.0063703728331177 0.01843257760835936
-0.9683941323488491 0.01843257760835936
-0.9304178918645805 0.023699028353604962
-0.892441651380312 0.047398056707209923
-0.8544654108960434 0.0500312820798324
-0.8164891704117747 0.09216288804179708
-0.7785129299275062 0.07899676117868275
-0.7405366894432375 0.11586191639540204
-0.702560448958969 0.1316612686311387
-0.6645842084747005 0.163259973102611
-0.6266079679904317 0.18169255071097137
-0.5886317275061632 0.21592448055506616
-0.5506554870218945 0.28175511487063676
-0.512679246537626 0.3265199462052239
-0.47470300605335747 0.402883482011282
-0.43672676556908874 0.5134789476614409
-0.39875052508482023 0.6293408640568429
-0.3607742846005517 0.6346073148020847
-0.322798044116283 0.7689018088058498
-0.2848218036320145 0.8873969505738747
-0.24684556314774597 0.9479611341441929
-0.20886932266347724 1.0769891774027145
-0.17089308217920873 1.0585565997943487
-0.13291684169494 1.1691520654445113
-0.0949406012106715 1.2112836714064759
-0.056964360726402985 1.2771143057220378
-0.018988120242134254 1.371910419136465
0.018988120242134254 1.3956094474900618
0.056964360726402985 1.3087130101935185
0.0949406012106715 1.127020459482547
0.13291684169494 1.1243872341099241
0.1708930821792085 1.03485757144075
0.20886932266347702 0.8531650207297685
0.24684556314774597 0.8189330908856826
0.2848218036320145 0.7926008371594548
0.322798044116283 0.6530398924104478
0.3607742846005515 0.558243778996028
0.39875052508482 0.45291476409111175
0.43672676556908896 0.47398056707209923
0.47470300605335747 0.3791844536576794
0.512679246537626 0.2975544671063734
0.5506554870218945 0.25805608651703177
0.588631727506163 0.21065802980981943
0.626607967990432 0.18432577608359416
0.6645842084747005 0.14219417012162977
0.702560448958969 0.11849514176802481
0.7405366894432375 0.07636353580606042
0.778512929927506 0.06583063431556857
0.8164891704117749 0.03686515521671883
0.8544654108960434 0.04213160596196437
0.892441651380312 0.026332253726227738
0.9304178918645805 0.023699028353604962
0.968394132348849 0.026332253726227738
1.0063703728331175 0.021065802980981943
1.0443466133173864 0.013166126863113869
1.082322853801655 0.00789967611786832
1.1202990942859234 0.013166126863113869
1.158275334770192 0.0026332253726227732
1.1962515752544605 0.005266450745245486
1.2342278157387294 0.0052664507452455465
1.272204056222998 0.0026332253726227732
1.3101802967072664 0.0052664507452455465
1.348156537191535 0.0052664507452455465
1.3861327776758035 0.0
1.424109018160072 0.005266450745245486
1.462085258644341 0.0026332253726227732
1.5000614991286094 0.0026332253726227732
1.538037739612878 0.0
1.5760139800971464 0.0
1.613990220581415 0.0
1.651966461065684 0.0
1.6899427015499524 0.0
1.727918942034221 0.0
1.7658951825184894 0.0
1.803871423002758 0.0
1.8418476634870269 0.0
1.8798239039712954 0.0026332253726227732
1.917800144455564 
