-0.01822696140217126 0.0
-0.017866031473415395 0.0
-0.017505101544659528 0.0
-0.01714417161590366 0.27706208887886397
-0.016783241687147794 0.27706208887886397
-0.016422311758391928 0.5541241777577279
-0.01606138182963606 0.27706208887886397
-0.015700451900880194 1.3853104443943265
-0.015339521972124329 0.27706208887886397
-0.014978592043368462 0.27706208887886397
-0.014617662114612595 0.831186266636596
-0.01425673218585673 0.0
-0.013895802257100864 0.27706208887886397
-0.013534872328344997 2.7706208887886397
-0.01317394239958913 0.5541241777577279
-0.012813012470833263 3.324745066546368
-0.012452082542077397 2.7706208887886397
-0.01209115261332153 3.047682977667504
-0.011730222684565663 3.324745066546368
-0.011369292755809796 4.710055510940688
-0.01100836282705393 4.987117599819552
-0.010647432898298063 4.710055510940711
-0.010286502969542198 8.588924755244783
-0.009925573040786331 6.9265522219715985
-0.009564643112030464 9.974235199639104
-0.009203713183274597 12.190731910670015
-0.00884278325451873 13.576042355064335
-0.008481853325762864 17.73197368824738
-0.008120923397006999 21.333780843672525
-0.007759993468251132 22.164967110309117
-0.007399063539495265 22.164967110309117
-0.0070381336107393985 29.36858142115958
-0.006677203681983532 26.875022621249805
-0.006316273753227665 29.922705598917307
-0.005955343824471798 42.11343750958733
-0.0055944138957159315 47.654679287164605
-0.005233483966960065 44.60699630949731
-0.0048725540382042 53.75004524249961
-0.004511624109448333 59.01422493119802
-0.004150694180692466 54.30416942025734
-0.0037897642519365993 66.77196341980621
-0.0034288343231807326 67.88021177532168
-0.003067904394424866 70.92789475298918
-0.002706974465668999 68.98846013083745
-0.002346044536913134 76.46913653056646
-0.0019851146081572672 79.2397574193551
-0.0016241846794014005 83.11862666365919
-0.0012632547506455337 84.78099919693237
-0.0009023248218896669 86.44337173020556
-0.0005413948931338002 81.73331621926488
-0.00018046496437793338 91.98461350778284
0.00018046496437793338 86.16630964132669
0.0005413948931338002 80.34800577487054
0.0009023248218896669 89.2139926189942
0.0012632547506455337 85.61218546356896
0.0016241846794014005 75.91501235280946
0.0019851146081572638 82.28744039702259
0.0023460445369131305 70.65083266411031
0.0027069744656689973 73.97557773065668
0.003067904394424864 65.3866529754119
0.003428834323180731 67.04902550868509
0.0037897642519365976 53.472983153620746
0.004150694180692464 53.472983153620746
0.004511624109448331 58.18303866456143
0.004872554038204198 49.31705182043778
0.005233483966960065 39.61987870967755
0.0055944138957159315 41.282251242950736
0.005955343824471798 33.524512754342545
0.006316273753227665 36.84925782088891
0.006677203681983532 30.7538918655539
0.0070381336107393985 29.091519332280715
0.007399063539495265 18.563159954883886
0.007759993468251132 20.225532488157267
0.008120923397006995 15.792539066095246
0.008481853325762862 15.23841488833752
0.008842783254518729 13.576042355064335
0.009203713183274596 9.974235199639104
0.009564643112030462 8.311862666365919
0.00992557304078633 8.311862666365919
0.010286502969542196 7.2036143108504636
0.010647432898298063 8.034800577487056
0.01100836282705393 4.987117599819552
0.011369292755809796 3.6018071554252318
0.011730222684565663 3.6018071554252318
0.01209115261332153 3.047682977667504
0.012452082542077397 1.3853104443943198
0.012813012470833263 1.3853104443943332
0.013173942399589127 2.7706208887886397
0.013534872328344993 1.3853104443943198
0.01389580225710086 1.9394346221520478
0.014256732185856727 0.831186266636592
0.014617662114612594 1.3853104443943198
0.01497859204336846 0.5541241777577279
0.015339521972124327 0.5541241777577279
0.015700451900880194 0.27706208887886397
0.01606138182963606 0.0
0.016422311758391928 0.0
0.016783241687147794 0.0
0.01714417161590366 0.0
0.017505101544659528 0.0
0.017866031473415395 0.27706208887886397
0.01822696140217126 
