-0.014634255663606235 0.0
-0.014344468422742744 0.0
-0.014054681181879256 0.0
-0.013764893941015766 0.0
-0.013475106700152275 0.0
-0.013185319459288785 0.34508075546054656
-0.012895532218425296 0.0
-0.012605744977561806 0.0
-0.012315957736698316 0.0
-0.012026170495834827 0.34508075546054445
-0.011736383254971337 0.0
-0.011446596014107847 0.6901615109210931
-0.011156808773244358 1.3803230218421778
-0.010867021532380868 0.34508075546054445
-0.010577234291517378 1.7254037773027222
-0.010287447050653887 0.6901615109210889
-0.009997659809790397 1.3803230218421862
-0.009707872568926908 2.070484532763267
-0.009418085328063418 2.4155652882238114
-0.009128298087199928 4.1409690655265585
-0.00883851084633644 2.4155652882238114
-0.008548723605472949 6.556534353750345
-0.008258936364609459 6.556534353750384
-0.00796914912374597 6.2114535982898005
-0.00767936188288248 8.972099641974157
-0.0073895746420189895 16.21879550664564
-0.0070997874011555 13.458149462961275
-0.006810000160292011 18.6343607948694
-0.00652021291942852 17.599118528487768
-0.00623042567856503 25.19089514861975
-0.00594063843770154 26.226137415001535
-0.005650851196838051 37.613802345199346
-0.005361063955974561 41.409690655265344
-0.005071276715111071 38.30396385612067
-0.004781489474247582 44.51541745441024
-0.004491702233384092 52.10719407454222
-0.0042019149925206015 63.83993976020073
-0.003912127751657111 63.14977824928002
-0.0036223405107936226 74.88252393493815
-0.0033325532699301323 65.56534353750345
-0.003042766029066642 79.36857375592571
-0.0027529787882031535 86.27018886513612
-0.002463191547339663 94.55212699618919
-0.002173404306476173 97.31277303987355
-0.0018836170656126826 101.79882286086124
-0.001593829824749194 108.70043797007152
-0.0013040425838857037 105.59471117092662
-0.0010142553430222134 111.80616476921709
-0.0007244681021587249 122.50366818849331
-0.0004346808612952346 106.62995343730825
-0.00014489362043174428 128.02496027586201
0.00014489362043174601 110.4258417473749
0.0004346808612952346 122.84874894395385
0.0007244681021587249 108.01027645915106
0.0010142553430222134 120.08810290026877
0.0013040425838857055 109.04551872553272
0.001593829824749194 96.62261152895303
0.0018836170656126826 99.03817681717568
0.0021734043064761746 100.41849983901905
0.002463191547339663 92.48164246342537
0.002752978788203155 76.60792771224133
0.0030427660290666438 72.12187789125423
0.0033325532699301323 72.4669586467139
0.0036223405107936243 63.14977824928002
0.003912127751657113 49.6916287863187
0.0042019149925206015 53.48751709638408
0.0044917022333840935 50.03670954177925
0.004781489474247582 41.754771410726136
0.005071276715111071 37.26872158973858
0.005361063955974563 29.676944969607003
0.005650851196838051 27.951541192303935
0.005940638437701543 20.704845327632793
0.006230425678565032 17.254037773027328
0.00652021291942852 13.803230218421698
0.006810000160292012 16.563876262106234
0.007099787401155501 12.767987952040222
0.0073895746420189895 9.662261152895187
0.0076793618828824815 7.936857375592571
0.00796914912374597 5.521292087368745
0.008258936364609459 4.831130576447594
0.00854872360547295 5.521292087368745
0.00883851084633644 4.1409690655265585
0.009128298087199928 3.1057267991448816
0.00941808532806342 1.7254037773027329
0.009707872568926908 1.0352422663816272
0.0099976598097904 1.7254037773027329
0.010287447050653889 1.0352422663816396
0.010577234291517378 0.6901615109210848
0.01086702153238087 1.0352422663816396
0.011156808773244358 0.0
0.011446596014107847 0.0
0.011736383254971339 0.0
0.012026170495834827 0.6901615109210931
0.012315957736698316 0.0
0.012605744977561808 0.0
0.012895532218425296 0.0
0.013185319459288785 0.0
0.013475106700152277 0.0
0.013764893941015766 0.0
0.014054681181879258 0.0
0.014344468422742746 0.34508075546054656
0.014634255663606235 
