-0.009192931025818966 0.0
-0.009010892787683937 0.0
-0.008828854549548909 0.549335134334927
-0.008646816311413879 0.0
-0.008464778073278851 0.0
-0.008282739835143821 0.0
-0.008100701597008791 0.5493351343349323
-0.007918663358873763 0.549335134334927
-0.007736625120738734 1.0986702686698593
-0.007554586882603705 0.0
-0.007372548644468676 2.1973405373397186
-0.007190510406333647 2.1973405373397186
-0.007008472168198618 4.394681074679416
-0.0068264339300635885 4.94401620901439
-0.0066443956919285604 1.648005403004781
-0.006462357453793531 6.042686477684226
-0.006280319215658502 2.1973405373397186
-0.006098280977523473 3.845345940344489
-0.005916242739388443 6.592021612019188
-0.005734204501253415 7.1413567463540515
-0.0055521662631183855 9.338697283693804
-0.005370128024983357 13.73337835837324
-0.005188089786848328 12.085372955368452
-0.005006051548713299 19.77606483605747
-0.00482401331057827 15.381383761377956
-0.00464197507244324 26.368086448076625
-0.004459936834308211 21.97340537339719
-0.0042778985961731825 40.65079994078479
-0.004095860358038154 34.60811346310057
-0.003913822119903125 35.70678373177026
-0.003731783881768095 48.89082695580874
-0.003549745643633066 53.28550803048818
-0.0033677074054980372 67.56822152319634
-0.0031856691673630083 65.92021612019155
-0.0030036309292279795 76.35758367255487
-0.0028215926910929497 80.20292961289972
-0.002639554452957921 99.9789944489572
-0.002457516214822892 111.51503226999073
-0.002275477976687863 120.30439441934959
-0.0020934397385528342 113.16303767299496
-0.0019114015004178045 114.26170794166536
-0.0017293632622827756 126.89641603136876
-0.0015473250241477467 147.22181600176046
-0.001365286786012717 154.91250788245088
-0.001183248547877689 149.41915653910016
-0.0010012103097426592 154.91250788245088
-0.0008191720716076312 165.89921056914795
-0.0006371338334726015 169.19522137515912
-0.0004550955953375735 172.49123218116708
-0.00027305735720254375 169.19522137515753
-9.1019119067514e-05 168.09655110648927
9.1019119067514e-05 163.70187003180826
0.00027305735720254375 183.4779348678674
0.00045509559533757175 166.9978808378178
0.0006371338334726015 174.13923758417187
0.0008191720716076312 159.85652409146527
0.0010012103097426592 163.70187003180826
0.001183248547877689 150.51782680777143
0.001365286786012717 149.9684916734351
0.0015473250241477467 134.58710791205712
0.0017293632622827765 113.712372807331
0.0019114015004178045 113.7123728073299
0.0020934397385528342 109.31769173265153
0.0022754779766878622 101.07766471762658
0.002457516214822892 102.72567012063135
0.0026395544529579217 91.7389674339337
0.0028215926910929497 79.1042593442295
0.0030036309292279795 62.07487017984735
0.0031856691673630075 68.11755665753095
0.0033677074054980372 62.074870179846755
0.003549745643633067 54.93351343349323
0.003731783881768095 38.45345940344489
0.003913822119903125 45.59481614979938
0.004095860358038153 29.114762119751134
0.0042778985961731825 27.466756716746353
0.004459936834308212 25.818751313741817
0.00464197507244324 19.226729701722444
0.00482401331057827 18.128059433052766
0.005006051548713298 11.536037821033467
0.005188089786848328 14.83204862704303
0.0053701280249833575 10.986702686698646
0.0055521662631183855 7.690691880688978
0.005734204501253415 8.789362149358917
0.005916242739388443 5.49335134334927
0.006098280977523473 6.0426864776842555
0.006280319215658501 3.8453459403444525
0.0064623574537935324 2.1973405373397292
0.0066443956919285604 2.1973405373397292
0.0068264339300635885 0.5493351343349323
0.0070084721681986165 2.746675671674609
0.007190510406333648 1.648005403004797
0.007372548644468676 0.0
0.007554586882603704 0.0
0.007736625120738735 0.0
0.007918663358873763 0.5493351343349323
0.008100701597008791 0.0
0.00828273983514382 0.5493351343349218
0.008464778073278851 0.0
0.008646816311413879 0.0
0.008828854549548907 0.0
0.009010892787683938 1.0986702686698646
0.009192931025818966 
