-0.006605275787193683 0.0
-0.006474478246853215 0.7645403708639874
-0.006343680706512745 1.529080741727985
-0.006212883166172276 1.529080741727985
-0.0060820856258318075 0.0
-0.005951288085491339 0.7645403708639925
-0.00582049054515087 1.5290807417279748
-0.0056896930048104 0.0
-0.005558895464469932 3.05816148345597
-0.005428097924129463 2.293621112591962
-0.005297300383788993 2.2936211125919774
-0.0051665028434485245 2.2936211125919774
-0.005035705303108056 6.11632296691194
-0.004904907762767587 5.351782596047947
-0.004774110222427118 3.0581614834559496
-0.004643312682086649 7.6454037086399245
-0.00451251514174618 7.6454037086399245
-0.004381717601405711 13.761726675551774
-0.0042509200610652415 12.997186304687872
-0.004120122520724773 11.468105562959888
-0.003989324980384304 17.58442852987183
-0.003858527440043835 27.523453351103637
-0.003727729899703366 27.523453351103637
-0.003596932359362897 31.346155205423692
-0.003466134819022428 32.87523594715168
-0.0033353372786819593 41.28518002665546
-0.00320453973834149 48.16604336443137
-0.003073742198001021 45.87242225183955
-0.002942944657660552 60.398689298255405
-0.0028121471173200834 66.5150122651669
-0.002681349576979614 74.92495634467127
-0.002550552036639145 81.0412793115832
-0.0024197544962986763 82.57036005331118
-0.0022889569559582075 119.26829785478283
-0.0021581594156177388 111.62289414614216
-0.002027361875277269 133.0300245303347
-0.0018965643349368004 118.50375748391882
-0.0017657667945963317 139.91088786810968
-0.001634969254255862 154.43715491452647
-0.0015041717139153933 165.90526047748637
-0.0013733741735749245 181.19606789476623
-0.0012425766332344558 176.60882566958225
-0.001111779092893987 186.54785049081295
-0.0009809815525535174 224.77486903401382
-0.0008501840122130486 205.66135976241398
-0.0007193864718725799 207.19044050414058
-0.0005885889315321103 204.132279020686
-0.0004577913911916415 228.59757088833376
-0.00032699385085117275 237.00751496783764
-0.000196196310510704 229.36211125919777
-6.539877017023524e-05 242.35929756388404
6.539877017023438e-05 232.42027274265374
0.00019619631051070313 239.30113608042964
0.0003269938508511719 223.24578829228432
0.0004577913911916415 211.01314235846192
0.0005885889315321103 216.3649249545099
0.000719386471872579 207.95498087500596
0.0008501840122130478 204.132279020686
0.0009809815525535165 194.9577945703168
0.0011117790928939861 173.55066418612515
0.0012425766332344558 178.13790641131024
0.0013733741735749245 162.8470989940304
0.0015041717139153933 146.79175120588656
0.001634969254255862 135.32364564292666
0.0017657667945963308 137.61726675551864
0.0018965643349367995 113.15197488787088
0.0020273618752772683 94.03846561627107
0.002158159415617737 86.39306190763115
0.002288956955958206 91.74484450367788
0.0024197544962986763 82.57036005331118
0.002550552036639145 73.39587560294328
0.002681349576979614 61.163229669119396
0.0028121471173200826 62.692310410847384
0.0029429446576605513 54.28236633134347
0.00307374219800102 39.75609928492761
0.003204539738341489 43.57880113924699
0.0033353372786819593 28.28799372196772
0.003466134819022428 29.052534092831717
0.003596932359362897 16.819888159007835
0.0037277298997033656 18.34896890073582
0.0038585274400438343 16.819888159007835
0.003989324980384303 13.761726675551865
0.004120122520724772 12.23264593382388
0.004250920061065241 9.939024821231902
0.004381717601405709 6.880863337775841
0.00451251514174618 3.8227018543199622
0.004643312682086649 4.587242225183955
0.004774110222427117 7.6454037086399245
0.004904907762767586 4.587242225183955
0.005035705303108055 5.351782596047947
0.005166502843448524 3.8227018543199622
0.005297300383788992 1.5290807417279648
0.005428097924129463 0.7645403708639925
0.005558895464469932 3.05816148345597
0.0056896930048104 0.0
0.005820490545150869 0.7645403708639925
0.005951288085491338 0.7645403708639925
0.006082085625831807 0.7645403708639925
0.006212883166172275 0.0
0.006343680706512744 0.7645403708639925
0.006474478246853213 0.7645403708639824
0.006605275787193683 
