-0.12568344169723844 0.04018031279064622
-0.12319466067353074 0.0
-0.12070587964982306 0.04018031279064622
-0.11821709862611536 0.0
-0.11572831760240768 0.0
-0.11323953657869998 0.0
-0.1107507555549923 0.0
-0.1082619745312846 0.0
-0.10577319350757691 0.0
-0.10328441248386921 0.0
-0.10079563146016152 0.0
-0.09830685043645383 0.0
-0.09581806941274613 0.0
-0.09332928838903845 0.08036062558129244
-0.09084050736533075 0.0
-0.08835172634162305 0.08036062558129288
-0.08586294531791537 0.08036062558129288
-0.08337416429420769 0.28126218953452353
-0.08088538327049999 0.08036062558129244
-0.07839660224679229 0.48216375348775725
-0.0759078212230846 0.32144250232516974
-0.07341904019937691 0.48216375348775725
-0.07093025917566922 0.48216375348775464
-0.06844147815196153 0.6027046918596932
-0.06595269712825383 0.9241471941848682
-0.06346391610454614 0.6428850046503395
-0.06097513508083845 1.165229070928747
-0.05848635405713076 1.3661306348819713
-0.055997573033423065 1.285770009300686
-0.05350879200971538 2.209917203485542
-0.05102001098600768 2.330458141857494
-0.0485312299623 2.8126218953452353
-0.0460424489385923 3.8974903406926833
-0.0435536679148846 4.05821159185529
-0.04106488689117692 4.580555658133669
-0.03857610586746922 5.384161913946623
-0.03608732484376154 6.187768169759518
-0.03359854382005384 6.99137442557248
-0.031109762796346155 7.553898804641489
-0.028620981772638457 8.839668813942216
-0.026132200748930773 9.763816008127032
-0.023643419725223075 10.607602576730601
-0.021154638701515377 11.250487581381003
-0.018665857677807693 10.808504140683832
-0.016177076654099995 12.455896965100397
-0.013688295630392311 16.112305429049133
-0.011199514606684613 12.938060718588154
-0.008710733582976929 13.862207912772943
-0.006221952559269231 14.02292916393553
-0.003733171535561533 15.147977922073707
-0.001244390511853849 15.107797609282978
0.001244390511853849 15.670321988352024
0.003733171535561547 15.0676172964925
0.006221952559269217 13.741666974401005
0.008710733582976915 13.741666974401005
0.011199514606684613 14.705994481376514
0.013688295630392311 13.299683533703897
0.01617707665410001 12.857700093006931
0.01866585767780768 10.40670101277737
0.021154638701515377 10.848684453474478
0.023643419725223075 9.482553818592507
0.026132200748930773 8.036062558129332
0.028620981772638443 7.674439743013426
0.03110976279634614 6.669931923247272
0.03359854382005384 6.469030359294041
0.03608732484376154 5.464522539527885
0.038576105867469235 5.343981601156006
0.041064886891176905 5.022539098830777
0.0435536679148846 3.8171297151113905
0.0460424489385923 3.2546053360423435
0.0485312299623 2.732261269763973
0.05102001098600767 2.571540018601358
0.05350879200971537 1.8884747011603722
0.055997573033423065 1.0446881325568016
0.05848635405713076 1.3259503220913251
0.06097513508083846 1.2054093837194
0.06346391610454613 0.8839668813942168
0.06595269712825383 0.6027046918596932
0.06844147815196153 0.5223440662784008
0.07093025917566922 0.6428850046503467
0.0734190401993769 0.28126218953452353
0.07590782122308459 0.16072125116258487
0.07839660224679229 0.12054093837193866
0.08088538327049999 0.08036062558129244
0.08337416429420769 0.24108187674388
0.08586294531791536 0.08036062558129244
0.08835172634162305 0.08036062558129244
0.09084050736533075 0.12054093837193866
0.09332928838903845 0.16072125116258487
0.09581806941274615 0.0
0.09830685043645382 0.04018031279064622
0.10079563146016152 0.04018031279064622
0.10328441248386921 0.0
0.10577319350757691 0.0
0.10826197453128458 0.0
0.11075075555499228 0.0
0.11323953657869998 0.0
0.11572831760240768 0.04018031279064622
0.11821709862611537 0.0
0.12070587964982304 0.0
0.12319466067353074 0.0
0.12568344169723844 
