-0.004844634689142604 2.0847805145422624
-0.004748701328961562 2.0847805145422624
-0.004652767968780521 0.0
-0.004556834608599479 0.0
-0.004460901248418437 0.0
-0.004364967888237395 0.0
-0.0042690345280563535 2.0847805145422624
-0.004173101167875312 1.0423902572711312
-0.0040771678076942704 3.127170771813394
-0.003981234447513229 2.0847805145422624
-0.0038853010873321873 4.169561029084506
-0.0037893677271511454 9.381512315440183
-0.003693434366970104 4.169561029084525
-0.0035975010067890623 8.339122058169012
-0.0035015676466080203 7.296731800897919
-0.0034056342864269788 17.720634373609233
-0.003309700926245937 12.508683087253576
-0.0032137675660648957 21.890195402693756
-0.003117834205883854 16.678244116338025
-0.003021900845702812 26.059756431778283
-0.0029259674855217706 19.805414888151493
-0.002830034125340729 35.4412687472183
-0.002734100765159687 34.39887848994733
-0.0026381674049786455 42.73800054811638
-0.002542234044797604 53.161903120827695
-0.0024463006846165624 54.20429337809883
-0.002350367324435521 72.96731800897886
-0.002254433964254479 85.47600109623276
-0.0021585006040734374 80.26404980987711
-0.002062567243892396 91.73034263985913
-0.001966633883711354 95.89990366894408
-0.0018707005235303123 126.1292211298069
-0.0017747671633492708 107.36619649892651
-0.0016788338031682292 158.44331910521194
-0.0015829004429871877 146.97702627522884
-0.0014869670828061457 169.9096119351944
-0.0013910337226251041 198.05414888151495
-0.0012951003624440626 185.54546579426054
-0.0011991670022630206 220.98673454147982
-0.001103233642081979 235.58019814327568
-0.0010073002819009375 225.15629557056437
-0.000911366921719896 254.34322277415603
-0.0008154335615388544 225.15629557056437
-0.0007195002013578129 260.59756431778044
-0.0006235668411767705 266.8519058614096
-0.0005276334809957289 275.19102791957863
-0.0004317001208146874 294.99644280773015
-0.00033576676063364584 311.6746869240683
-0.0002398334004526043 292.9116622931879
-0.00014390004027156275 309.589906409526
-4.7966680090521206e-05 280.40297920593434
4.796668009052034e-05 290.82688177864566
0.00014390004027156188 290.826881778643
0.0002398334004526043 277.27580843412096
0.00033576676063364584 274.1486376623075
0.0004317001208146874 268.93668637595187
0.0005276334809957289 278.318198691392
0.0006235668411767705 246.00410071598697
0.000719500201357812 275.19102791957863
0.0008154335615388536 254.34322277415376
0.000911366921719896 222.02912479875096
0.0010073002819009375 195.96936836697267
0.001103233642081979 213.69000274058195
0.0011991670022630206 215.7747832551242
0.0012951003624440622 198.05414888151495
0.0013910337226251037 153.2313678188563
0.0014869670828061453 155.31614833339856
0.0015829004429871868 174.07917296427894
0.0016788338031682283 130.29878215889022
0.0017747671633492708 123.00205035799348
0.0018707005235303123 77.13687903806371
0.001966633883711354 91.73034263985956
0.0020625672438923954 92.7727328971307
0.002158500604073437 67.75536672262353
0.0022544339642544785 70.88253749443693
0.00235036732443552 76.09448878079189
0.0024463006846165624 69.8401472371658
0.002542234044797604 39.610829776302985
0.0026381674049786455 42.73800054811638
0.002734100765159687 41.69561029084525
0.0028300341253407286 31.27170771813394
0.00292596748552177 19.805414888151493
0.0030219008457028117 17.720634373609073
0.003117834205883854 17.720634373609393
0.003213767566064895 8.339122058168975
0.003309700926245937 12.508683087253688
0.003405634286426978 11.466292829982342
0.0035015676466080203 7.296731800897853
0.0035975010067890627 4.169561029084563
0.0036934343669701034 7.296731800897853
0.003789367727151146 7.296731800897986
0.0038853010873321865 2.084780514542244
0.003981234447513229 3.127170771813422
0.00407716780769427 2.084780514542244
0.004173101167875312 1.0423902572711408
0.004269034528056353 3.1271707718133657
0.004364967888237395 1.042390257271122
0.0044609012484184375 2.0847805145422815
0.004556834608599478 1.042390257271122
0.004652767968780521 2.0847805145422815
0.004748701328961561 1.042390257271122
0.004844634689142604 
