-0.008469804154297057 0.5962357461875805
-0.00830208526015256 0.0
-0.008134366366008065 0.0
-0.007966647471863568 0.0
-0.007798928577719072 0.0
-0.007631209683574576 1.1924714923751671
-0.00746349078943008 0.5962357461875836
-0.007295771895285584 0.0
-0.007128053001141088 0.0
-0.006960334106996592 0.5962357461875836
-0.0067926152128520954 0.5962357461875836
-0.006624896318707599 1.1924714923751671
-0.006457177424563103 1.7887072385627412
-0.006289458530418606 1.7887072385627598
-0.006121739636274111 1.7887072385627412
-0.005954020742129614 5.962357461875866
-0.0057863018479851185 5.962357461875804
-0.0056185829538406215 4.173650223313106
-0.005450864059696126 5.366121715688225
-0.005283145165551629 5.36612171568828
-0.005115426271407134 10.73224343137645
-0.004947707377262637 8.943536192813799
-0.004779988483118142 14.30965790850193
-0.004612269588973645 11.924714923751672
-0.0044445506948291484 17.887072385627505
-0.004276831800684652 25.63813708606609
-0.004109112906540156 28.02308007081643
-0.00394139401239566 31.004258801754343
-0.003773675118251164 35.17790902506743
-0.0036059562241066677 47.69885969500669
-0.0034382373299621715 54.85368864925769
-0.0032705184358176754 54.2574529030701
-0.0031027995416731792 66.77840357300936
-0.002935080647528683 78.10688275057343
-0.002767361753384187 84.66547595863688
-0.0025996428592396908 97.18642662857611
-0.0024319239650951946 100.16760535951403
-0.0022642050709506985 97.7826623747637
-0.0020964861768062023 107.91867005995263
-0.0019287672826617062 144.8852863235828
-0.00176104838851721 138.92292886170696
-0.0015933294943727139 144.8852863235828
-0.0014256106002282177 162.77235870921032
-0.0012578917060837216 175.29330937914955
-0.0010901728119392254 179.46695960246265
-0.0009224539177947293 182.44813833340058
-0.0007547350236502331 204.50886094234116
-0.000587016129505737 177.0820166177114
-0.00041929723536123994 183.6406098257767
-0.00025157834121674466 202.12391795758978
-8.385944707224764e-05 203.91262519615464
8.385944707224764e-05 204.5088609423401
0.00025157834121674466 184.23684557196427
0.00041929723536123994 172.90836639439834
0.000587016129505737 172.90836639440013
0.0007547350236502322 168.1384804248977
0.0009224539177947293 159.19494423208562
0.0010901728119392246 177.0820166177114
0.0012578917060837216 144.28905057739595
0.0014256106002282169 141.90410759264415
0.0015933294943727139 148.4627008007091
0.0017610483885172092 144.88528632358205
0.0019287672826617062 124.6132709532056
0.0020964861768062015 125.2095066993919
0.0022642050709506985 101.95631259807627
0.0024319239650951955 88.8391261819504
0.0025996428592396908 75.72193976582273
0.002767361753384188 70.35581805013521
0.002935080647528683 62.00851760350837
0.00310279954167318 53.66121715688279
0.0032705184358176754 45.9101524564437
0.0034382373299621724 44.717680964069
0.0036059562241066677 36.370380517442406
0.0037736751182511647 32.19673029412968
0.00394139401239566 36.96661626362999
0.004109112906540157 23.849429847503465
0.004276831800684652 16.694600893252254
0.004444550694829149 22.060722608940704
0.004612269588973645 14.30965790850193
0.004779988483118142 10.73224343137656
0.004947707377262637 11.924714923751608
0.005115426271407134 8.347300446626212
0.005283145165551629 5.366121715688225
0.005450864059696126 6.558593208063454
0.0056185829538406215 1.192471492375161
0.0057863018479851185 3.5774144771255196
0.005954020742129614 1.7887072385627412
0.006121739636274111 0.5962357461875867
0.006289458530418606 1.7887072385627412
0.006457177424563103 1.1924714923751734
0.006624896318707598 0.5962357461875805
0.0067926152128520954 2.3849429847503467
0.006960334106996591 0.5962357461875805
0.007128053001141088 0.5962357461875867
0.007295771895285583 0.0
0.007463490789430078 0.0
0.007631209683574577 0.5962357461875867
0.007798928577719072 0.5962357461875867
0.007966647471863568 0.0
0.008134366366008066 0.0
0.008302085260152562 0.0
0.008469804154297057 
