-0.06606598658504147 0.07643872832353046
-0.06475774922692183 0.0
-0.0634495118688022 0.07643872832353087
-0.06214127451068257 0.0
-0.060833037152562934 0.07643872832353046
-0.0595247997944433 0.0
-0.05821656243632367 0.07643872832353046
-0.056908325078204036 0.0
-0.0556000877200844 0.0
-0.054291850361964766 0.07643872832353087
-0.05298361300384514 0.15287745664706093
-0.0516753756457255 0.07643872832353087
-0.050367138287605875 0.0
-0.04905890092948624 0.2293161849705914
-0.047750663571366606 0.2293161849705914
-0.04644242621324697 0.2293161849705914
-0.045134188855127336 0.5350710982647161
-0.04382595149700771 0.6115098265882437
-0.04251771413888807 0.6879485549117778
-0.041209476780768445 0.9937034682058961
-0.03990123942264881 0.8408260115588351
-0.038593002064529175 1.2230196531764874
-0.03728476470640954 1.3758971098235482
-0.035976527348289905 2.0638456647353336
-0.03466828999017028 1.9109682080882615
-0.03336005263205064 2.3696005780294445
-0.03205181527393101 2.3696005780294565
-0.03074357791581138 3.1339878612647487
-0.029435340557691744 3.210426589588279
-0.02812710319957211 5.274272254323601
-0.026818865841452474 5.809343352588345
-0.025510628483332846 6.573730635823619
-0.02420239112521321 9.554841040441309
-0.022894153767093577 7.720311560676618
-0.02158591640897395 10.166350867029552
-0.020277679050854314 11.848002890147221
-0.01896944169273468 11.695125433500161
-0.017661204334615044 14.370480924823802
-0.016352966976495416 17.045836416147292
-0.015044729618375781 16.128571676264926
-0.013736492260256146 16.969397687823854
-0.012428254902136518 19.491875722500268
-0.011120017544016883 20.332701734059103
-0.009811780185897248 21.55572138723559
-0.008503542827777613 22.549424855441607
-0.007195305469657985 25.606973988382705
-0.00588706811153835 25.606973988382705
-0.004578830753418715 26.677116184912272
-0.0032705933952990873 26.142045086647414
-0.0019623560371794524 26.75355491323566
-0.0006541186790598175 26.294922543294476
0.0006541186790598175 24.460393063529747
0.0019623560371794524 23.390250867000322
0.0032705933952990873 25.377657803412383
0.004578830753418708 23.925321965265034
0.005887068111538343 25.989167630000356
0.007195305469657978 26.218483814970945
0.008503542827777613 23.46668959532385
0.009811780185897248 20.48557919070616
0.011120017544016883 18.42173352597084
0.012428254902136518 16.969397687823943
0.013736492260256139 15.211306936382561
0.015044729618375774 15.287745664706092
0.01635296697649541 14.370480924823726
0.017661204334615044 12.535951445058995
0.01896944169273468 12.383073988411935
0.020277679050854314 10.01347341038249
0.02158591640897395 10.013473410382597
0.02289415376709357 7.185240462411863
0.024202391125213205 7.3381179190589245
0.02551062848333284 5.732904624264785
0.026818865841452474 5.04495606935301
0.02812710319957211 4.4334462427647665
0.029435340557691744 3.0575491329412183
0.03074357791581138 2.5224780346765323
0.032051815273931 2.828232947970627
0.033360052632050635 1.9874069364117921
0.03466828999017027 1.2994583815000178
0.035976527348289905 1.6052132947941395
0.03728476470640954 1.5287745664706092
0.038593002064529175 0.9172647398823656
0.03990123942264881 1.146580924852969
0.04120947678076843 0.30575491329412186
0.042517714138888066 0.3821936416176523
0.0438259514970077 0.30575491329412186
0.045134188855127336 0.5350710982647132
0.04644242621324697 0.07643872832353046
0.047750663571366606 0.30575491329412186
0.04905890092948624 0.15287745664706254
0.05036713828760586 0.2293161849705914
0.051675375645725496 0.0
0.05298361300384513 0.0
0.054291850361964766 0.07643872832353046
0.0556000877200844 0.0
0.056908325078204036 0.0
0.05821656243632367 0.0
0.05952479979444329 0.07643872832353046
0.06083303715256293 0.0
0.06214127451068256 0.0
0.0634495118688022 0.0
0.06475774922692183 0.0
0.06606598658504147 
