-0.006279032817807347 0.0
-0.00615469553428641 0.0
-0.006030358250765472 0.8042639920081653
-0.005906020967244535 0.8042639920081598
-0.005781683683723597 1.6085279840163307
-0.00565734640020266 0.0
-0.005533009116681722 0.0
-0.005408671833160785 1.6085279840163196
-0.0052843345496398466 0.8042639920081653
-0.005159997266118909 0.8042639920081598
-0.005035659982597971 2.4127919760244962
-0.004911322699077034 1.6085279840163307
-0.004786985415556097 0.0
-0.004662648132035159 1.6085279840163196
-0.004538310848514221 1.6085279840163307
-0.004413973564993284 4.8255839520489925
-0.004289636281472347 6.434111936065278
-0.004165298997951409 5.629847944057118
-0.0040409617144304705 5.629847944057158
-0.003916624430909533 9.651167904097951
-0.0037922871473885958 10.455431896106113
-0.003667949863867658 13.672487864138763
-0.0035436125803467206 15.28101584815509
-0.003419275296825783 12.06395988012248
-0.003294938013304846 16.085279840163253
-0.003170600729783908 24.93218375225304
-0.0030462634462629706 41.01746359241629
-0.002921926162742033 41.01746359241629
-0.0027975888792210954 49.86436750450608
-0.002673251595700158 61.92832738462852
-0.00254891431217922 61.92832738462852
-0.0024245770286582826 70.7752312967183
-0.002300239745137345 75.60081524876755
-0.002175902461616408 98.1202070249955
-0.0020515651780954698 111.79269488913498
-0.0019272278945745326 125.46518275327291
-0.0018028906110535946 124.66091876126563
-0.0016785533275326574 133.5078226733545
-0.0015542160440117194 178.54660622581272
-0.0014298787604907822 193.8276220739665
-0.0013055414769698442 168.89543832171472
-0.001181204193448907 219.5640698182276
-0.001056866909927969 217.9555418342128
-0.0009325296264070318 240.47493361043976
-0.0008081923428860938 221.97686179425364
-0.0006838550593651566 247.7133095385132
-0.0005595177758442186 234.84508566638428
-0.0004351804923232814 267.01564534671087
-0.0003108432088023442 289.5350371229375
-0.00018650592528140619 260.58153341064553
-6.216864176046902e-05 266.21138135470085
6.216864176046902e-05 284.7094531708905
0.00018650592528140619 267.015645346709
0.0003108432088023442 259.7772694186374
0.0004351804923232814 242.88772558646426
0.0005595177758442194 254.14742147458023
0.0006838550593651566 260.5815334106437
0.0008081923428860946 241.27919760244959
0.0009325296264070318 230.0195017143337
0.0010568669099279698 212.32569389015566
0.001181204193448907 193.02335808195832
0.001305541476969845 176.1338142497882
0.0014298787604907822 176.93807824179638
0.0015542160440117194 132.70355868134635
0.0016785533275326574 126.26944674528109
0.0018028906110535954 120.63959880122563
0.0019272278945745317 122.24812678524027
0.0020515651780954698 81.23066319282414
0.002175902461616408 82.0349271848323
0.002300239745137346 61.12406339262099
0.002424577028658282 65.94964734466909
0.00254891431217922 45.8430475444651
0.0026732515957001582 50.66863149651407
0.0027975888792210963 50.66863149651477
0.0029219261627420326 36.99614363237535
0.0030462634462629706 25.736447744261113
0.0031706007297839086 20.106599800203995
0.0032949380133048467 20.910863792212446
0.003419275296825783 6.434111936065278
0.003543612580346721 12.868223872130557
0.003667949863867659 8.84690391208988
0.0037922871473885953 10.455431896106077
0.003916624430909533 4.021319960040798
0.004040961714430471 1.6085279840163196
0.0041652989979514094 3.217055968032684
0.004289636281472346 4.021319960040798
0.004413973564993284 4.021319960040798
0.004538310848514222 0.0
0.00466264813203516 0.0
0.004786985415556096 0.8042639920081598
0.004911322699077034 0.8042639920081598
0.005035659982597972 0.8042639920081598
0.00515999726611891 0.0
0.0052843345496398466 0.0
0.005408671833160785 0.0
0.005533009116681723 0.804263992008171
0.005657346400202659 0.0
0.005781683683723597 0.0
0.005906020967244535 0.0
0.006030358250765473 0.0
0.006154695534286409 0.8042639920081598
0.006279032817807347 
