-0.009423539260674667 0.5358920741248604
-0.009236934522839526 0.0
-0.009050329785004384 0.0
-0.008863725047169242 0.0
-0.0086771203093341 0.0
-0.008490515571498958 0.0
-0.008303910833663816 0.0
-0.008117306095828674 1.0717841482497208
-0.007930701357993532 1.0717841482497208
-0.007744096620158391 2.1435682964994416
-0.007557491882323249 1.0717841482497208
-0.007370887144488107 1.071784148249716
-0.007184282406652964 1.0717841482497208
-0.006997677668817822 2.679460370624302
-0.00681107293098268 1.6076762223745813
-0.0066244681931475384 4.287136592998883
-0.0064378634553123966 2.679460370624302
-0.006251258717477255 7.502489037748046
-0.006064653979642113 8.574273185997766
-0.005878049241806971 8.038381111872907
-0.005691444503971829 10.717841482497208
-0.005504839766136687 16.076762223745813
-0.005318235028301545 13.397301853121512
-0.005131630290466403 18.22033052024517
-0.004945025552631261 20.363898816744694
-0.004758420814796119 27.330495780367883
-0.004571816076960977 27.86638785449274
-0.004385211339125835 34.83298481811593
-0.004198606601290693 38.04833726286509
-0.004012001863455551 39.656013485239676
-0.0038253971256204094 50.90974704186174
-0.0036387923877852675 49.30207081948716
-0.0034521876499501256 56.268667783110345
-0.0032655829121149837 70.73775378448157
-0.003078978174279842 77.70435074810476
-0.0028923734364447 79.31202697047935
-0.002705768698609558 80.91970319285393
-0.0025191639607744162 98.60414163897433
-0.0023325592229392744 117.36036423334444
-0.0021459544851041325 118.43214838159415
-0.0019593497472689906 110.92965934384559
-0.0017727450094338479 120.57571667809417
-0.0015861402715987068 133.9730185312151
-0.001399535533763565 149.51388868083606
-0.001212930795928423 156.48048564445924
-0.0010263260580932812 152.72924112558522
-0.0008397213202581393 170.41367957170561
-0.0006531165824229974 166.66243505283006
-0.00046651184458785383 176.30849238707907
-0.00027990710675271195 171.48546371995533
-9.330236891757007e-05 164.51886675633216
9.330236891757181e-05 153.80102527383494
0.0002799071067527137 172.55724786820505
0.00046651184458785556 165.05475883045702
0.0006531165824229974 163.4470826080824
0.0008397213202581393 160.23173016333325
0.0010263260580932812 146.2985362360869
0.001212930795928423 138.26015512421398
0.001399535533763565 129.14998986409137
0.0015861402715987068 130.2217740123411
0.0017727450094338487 132.36534230884052
0.0019593497472689906 110.39376726972125
0.0021459544851041325 109.32198312147153
0.0023325592229392744 107.1784148249721
0.0025191639607744162 91.63754467535114
0.002705768698609558 73.95310622923074
0.0028923734364447 77.70435074810476
0.003078978174279842 81.99148734110365
0.0032655829121149837 61.09169645023409
0.0034521876499501256 53.05331533836118
0.0036387923877852675 42.87136592998883
0.0038253971256204094 44.47904215236342
0.004012001863455551 39.12012141111481
0.004198606601290693 29.47406407686732
0.004385211339125835 23.043359187369
0.004571816076960977 30.545848225117044
0.004758420814796119 27.330495780367883
0.004945025552631261 12.32551770487179
0.0051316302904664025 16.612654297870673
0.005318235028301544 13.93319392724637
0.005504839766136686 12.861409778996531
0.00569144450397183 11.253733556622068
0.005878049241806972 9.110165260122628
0.006064653979642114 6.430704889498385
0.006251258717477254 2.679460370624277
0.006437863455312397 4.287136592998923
0.006624468193147538 2.679460370624277
0.006811072930982681 2.1435682964994616
0.006997677668817821 2.143568296499422
0.007184282406652965 0.0
0.007370887144488105 0.5358920741248555
0.007557491882323249 0.5358920741248654
0.007744096620158389 1.6076762223745664
0.007930701357993532 0.0
0.008117306095828673 1.6076762223745664
0.008303910833663816 0.5358920741248555
0.00849051557149896 0.0
0.0086771203093341 0.0
0.008863725047169244 0.0
0.009050329785004384 0.0
0.009236934522839527 0.0
0.009423539260674667 
