-0.07271812892526267 0.06944623128560162
-0.07127816597624756 0.0
-0.06983820302723245 0.0
-0.06839824007821736 0.0
-0.06695827712920226 0.06944623128560162
-0.06551831418018715 0.13889246257120325
-0.06407835123117205 0.0
-0.06263838828215695 0.06944623128560162
-0.06119842533314185 0.06944623128560162
-0.05975846238412674 0.06944623128560196
-0.058318499435111644 0.06944623128560162
-0.05687853648609654 0.2777849251424078
-0.05543857353708144 0.20833869385680487
-0.053998610588066334 0.3472311564280081
-0.05255864763905123 0.34723115642800984
-0.05111868469003613 0.1388924625712039
-0.04967872174102103 0.48612361899921136
-0.048238758792005926 0.48612361899921136
-0.04679879584299082 0.41667738771361174
-0.04535883289397572 0.9722472379984274
-0.04391886994496062 0.902801006712821
-0.04247890699594552 1.111139700569626
-0.04103894404693041 1.805602013425651
-0.03959898109791531 1.2500321631408293
-0.03815901814890021 2.361171863710467
-0.03671905519988511 2.9861879452808697
-0.03527909225087 3.5417577955656996
-0.033839129301854905 3.333419101708878
-0.0323991663528398 3.7500964894225057
-0.0309592034038247 5.208467346420122
-0.029519240454809595 4.930682421277739
-0.028079277505794496 6.041822121847341
-0.02663931455677939 8.055762829129788
-0.025199351607764285 6.875176897274594
-0.023759388658749186 9.653026148698626
-0.02231942570973408 9.028010067128255
-0.020879462760718982 11.389181930838667
-0.019439499811703877 11.875305549837934
-0.017999536862688778 14.444816107405137
-0.016559573913673672 17.847681440399704
-0.015119610964658574 16.319864352116383
-0.013679648015643468 18.611589984541325
-0.01223968506662837 19.375498528682854
-0.010799722117613264 20.347745766681275
-0.009359759168598158 21.736670392393517
-0.007919796219583067 20.278299535395675
-0.006479833270567961 23.40337994324775
-0.005039870321552856 24.93119703153098
-0.00359990737253775 21.597777929822104
-0.0021599444235226445 22.77836386167755
-0.0007199814745075528 24.583965875102976
0.0007199814745075528 21.4588854672509
0.0021599444235226584 24.028396024818164
0.003599907372537764 24.792304568960017
0.005039870321552856 22.15334778010692
0.006479833270567961 20.347745766681275
0.007919796219583067 22.917256324248537
0.009359759168598172 20.55608446053828
0.010799722117613264 17.569896515257213
0.01223968506662837 16.736541739829992
0.013679648015643475 17.778235209114015
0.01511961096465858 14.653154801262083
0.016559573913673672 12.014198012409082
0.017999536862688778 11.389181930838667
0.019439499811703884 12.361429168837088
0.02087946276071899 10.764165849268252
0.022319425709734095 8.611332679414684
0.023759388658749186 7.986316597844187
0.025199351607764292 6.389053278275349
0.026639314556779398 6.180714584418544
0.028079277505794503 4.861236189992161
0.029519240454809595 3.40286533299448
0.0309592034038247 4.444558802278504
0.032399166352839806 4.3056663397073
0.03383912930185491 2.9861879452808986
0.03527909225087 2.222279401139252
0.03671905519988511 1.4583708569976341
0.038159018148900214 1.5278170882832358
0.03959898109791532 1.1111397005696366
0.04103894404693041 0.6250160815704147
0.04247890699594552 0.7639085441416179
0.04391886994496062 0.8333547754272195
0.04535883289397573 0.48612361899921136
0.046798795842990834 0.6250160815704207
0.048238758792005926 0.3472311564280081
0.04967872174102103 0.2777849251424065
0.05111868469003614 0.20833869385680487
0.05255864763905124 0.13889246257120325
0.05399861058806635 0.06944623128560162
0.055438573537081454 0.20833869385680887
0.05687853648609653 0.13889246257120325
0.05831849943511164 0.13889246257120325
0.05975846238412674 0.0
0.06119842533314185 0.0
0.06263838828215695 0.0
0.06407835123117206 0.0
0.06551831418018716 0.0
0.06695827712920227 0.0
0.06839824007821738 0.0
0.06983820302723245 0.0
0.07127816597624756 0.0
0.07271812892526267 
