-0.009163091461223634 0.5511240416371023
-0.008981644105555839 0.0
-0.008800196749888044 0.5511240416371075
-0.00861874939422025 0.0
-0.008437302038552455 0.0
-0.00825585468288466 0.0
-0.008074407327216865 0.5511240416371023
-0.00789295997154907 1.6533721249113147
-0.007711512615881276 0.0
-0.007530065260213482 0.5511240416371023
-0.007348617904545687 1.1022480832742045
-0.0071671705488778915 0.5511240416371049
-0.006985723193210097 1.6533721249113147
-0.006804275837542303 1.6533721249113071
-0.006622828481874508 0.5511240416371023
-0.006441381126206713 3.3067442498226143
-0.006259933770538918 2.7556202081855243
-0.006078486414871124 4.9601163747339445
-0.0058970390592033295 7.16461254128233
-0.005715591703535534 12.12472891601625
-0.005534144347867739 9.369108707830739
-0.005352696992199944 11.022480832742097
-0.00517124963653215 15.982597207475965
-0.004989802280864355 17.635969332387358
-0.004808354925196561 21.49383762384699
-0.004626907569528766 15.982597207476042
-0.0044454602138609715 23.147209748758296
-0.004264012858193176 25.90282995694381
-0.004082565502525381 28.65845016512946
-0.003901118146857587 42.436551206056876
-0.003719670791189792 46.29441949751681
-0.003538223435521998 49.050039705702105
-0.003356776079854203 57.86802437189574
-0.0031753287241864077 65.58376095481549
-0.0029938813685186135 77.15736582919432
-0.0028124340128508184 85.97535049538837
-0.0026309866571830242 96.99783132813
-0.002449539301515229 106.91806407759783
-0.002268091945847434 105.81581599432414
-0.00208664459017964 111.87818045233176
-0.0019051972345118448 142.7411267840102
-0.0017237498788440506 136.67876232600136
-0.0015423025231762555 134.47426615945295
-0.0013608551675084605 148.8034912420183
-0.0011794078118406662 157.62147590821124
-0.0009979604561728712 158.17259994984835
-0.0008165131005050761 186.27992607334235
-0.0006350657448372828 172.501825032413
-0.0004536183891694877 201.16027519754235
-0.0002721710335016926 190.68891840643738
-9.072367783389754e-05 189.03554628152608
9.072367783389754e-05 169.74620482422912
0.0002721710335016909 182.42205778188085
0.00045361838916948595 185.72880203170348
0.000635065744837281 173.6040731156872
0.0008165131005050761 164.78608844949358
0.0009979604561728712 135.02539020109134
0.0011794078118406645 163.68384036621939
0.0013608551675084596 141.08775465909818
0.0015423025231762547 125.65628149325931
0.0017237498788440497 124.55403340998511
0.0019051972345118448 115.73604874379258
0.002086644590179638 120.1450410768883
0.0022680919458474332 104.16244386941233
0.0024495393015152283 95.34445920321869
0.0026309866571830234 78.25961391246852
0.0028124340128508184 82.11748220392901
0.0029938813685186118 69.44162924627489
0.003175328724186407 55.112404163710224
0.003356776079854202 51.25453587225051
0.003538223435521997 47.9477916224279
0.003719670791189792 48.498915664065464
0.0039011181468575854 32.51631845658903
0.0040825655025253805 26.453953998580914
0.0042640128581931756 23.6983337903954
0.004445460213860971 22.596085707121194
0.004626907569528766 14.329225082564797
0.004808354925196559 16.533721249113068
0.004989802280864354 7.7157365829194315
0.005171249636532149 8.817984666193636
0.005352696992199944 9.920232749467841
0.005534144347867739 6.062364458008183
0.005715591703535533 13.778101040927556
0.005897039059203328 2.7556202081855115
0.006078486414871123 4.408992333096818
0.006259933770538918 2.7556202081855115
0.006441381126206713 1.6533721249113227
0.006622828481874506 1.1022480832742045
0.006804275837542301 2.7556202081855115
0.0069857231932100965 1.6533721249113071
0.0071671705488778915 0.0
0.007348617904545687 0.5511240416371023
0.007530065260213482 0.5511240416371023
0.007711512615881277 0.0
0.007892959971549068 1.1022480832742045
0.008074407327216863 0.5511240416371023
0.008255854682884659 0.5511240416371023
0.008437302038552454 0.0
0.008618749394220249 0.5511240416371023
0.008800196749888044 0.5511240416371023
0.008981644105555839 0.0
0.009163091461223634 
