-0.0069074778909306534 0.7310917356146049
-0.006770696150516185 0.0
-0.006633914410101717 0.0
-0.0064971326696872484 0.0
-0.00636035092927278 0.0
-0.006223569188858312 0.7310917356146049
-0.0060867874484438434 0.0
-0.005950005708029374 0.0
-0.005813223967614906 0.0
-0.005676442227200438 0.7310917356146049
-0.005539660486785969 2.1932752068438144
-0.005402878746371501 2.9243669424584198
-0.005266097005957033 2.1932752068438144
-0.005129315265542564 2.1932752068438144
-0.004992533525128096 3.6554586780730243
-0.004855751784713628 1.4621834712292099
-0.004718970044299159 2.9243669424584198
-0.004582188303884691 1.4621834712292099
-0.004445406563470223 8.773100827375258
-0.004308624823055754 13.159651241062887
-0.004171843082641286 13.159651241062887
-0.004035061342226818 12.428559505448245
-0.003898279601812349 20.47056859720894
-0.0037614978613978805 22.663843804052753
-0.003624716120983412 29.243669424584194
-0.003487934380568944 25.58821074651117
-0.0033511526401544755 41.67222893003248
-0.003214370899740007 53.36969669986599
-0.0030775891593255384 40.210045458803265
-0.00294080741891107 47.52096281494932
-0.0028040256784966017 66.52934794092904
-0.0026672439380821334 70.18480661900206
-0.002530462197667665 76.76463223953351
-0.0023936804572531967 79.68899918199193
-0.0022568987168387284 106.73939339973231
-0.00212011697642426 114.05031075587836
-0.0019833352360097917 100.89065951481548
-0.0018465534955953234 133.05869588185809
-0.001709771755180855 146.9494388585356
-0.0015729900147663867 157.91581489275467
-0.0014362082743519184 168.15109919135807
-0.0012994265339374492 173.26874134066136
-0.0011626447935229808 193.7393099378703
-0.0010258630531085125 226.63843804052752
-0.0008890813126940442 204.70568597208936
-0.0007522995722795758 220.05861241999608
-0.0006155178318651075 233.94935539667355
-0.00047873609145063917 225.17625456929832
-0.00034195435103617083 269.7728504417892
-0.0002051726106217025 245.64682316650726
-6.839087020723417e-05 228.1006215117567
6.839087020723417e-05 248.57119010896565
0.0002051726106217025 265.3863000281016
0.00034195435103617083 227.36952977614212
0.00047873609145063917 228.8317132473713
0.0006155178318651075 206.89896117893187
0.0007522995722795767 229.56280498298594
0.000889081312694045 209.8233281213916
0.0010258630531085134 178.3863834899636
0.0011626447935229817 187.15948431733887
0.00129942653393745 167.42000745574452
0.0014362082743519184 162.30236530644228
0.0015729900147663867 148.41162232976478
0.001709771755180855 141.83179670923337
0.0018465534955953234 133.7897876174727
0.0019833352360097917 98.69738430797166
0.00212011697642426 99.42847604358627
0.0022568987168387284 73.1091735614605
0.0023936804572531967 81.88227438883575
0.002530462197667665 57.75624711355378
0.0026672439380821334 58.48733884916839
0.0028040256784966017 51.17642149302234
0.00294080741891107 58.48733884916839
0.0030775891593255384 34.36131157388643
0.0032143708997400067 24.857119010896568
0.003351152640154475 27.781485953354988
0.0034879343805689434 23.394935539667358
0.0036247161209834117 16.815109919135914
0.00376149786139788 15.352926447906704
0.0038982796018123484 16.815109919135914
0.004035061342226817 7.310917356145957
0.004171843082641287 10.23528429860447
0.004308624823055755 5.8487338849168395
0.0044454065634702234 3.6554586780730243
0.004582188303884692 3.6554586780730243
0.00471897004429916 1.4621834712292099
0.0048557517847136284 1.4621834712292099
0.004992533525128097 0.7310917356146049
0.005129315265542565 0.7310917356146049
0.0052660970059570334 3.6554586780730243
0.005402878746371502 0.7310917356146049
0.00553966048678597 0.7310917356146049
0.0056764422272004384 1.4621834712292099
0.005813223967614907 1.4621834712292099
0.005950005708029375 1.4621834712292099
0.0060867874484438434 0.7310917356146049
0.006223569188858312 0.0
0.00636035092927278 0.0
0.0064971326696872484 0.0
0.006633914410101717 0.0
0.006770696150516185 0.0
0.0069074778909306534 
