-0.15707308275803078 0.0
-0.15396272468361433 0.0
-0.15085236660919787 0.0
-0.14774200853478142 0.032150639124970015
-0.14463165046036497 0.0
-0.14152129238594852 0.0
-0.13841093431153206 0.0
-0.1353005762371156 0.032150639124970015
-0.13219021816269916 0.032150639124970015
-0.1290798600882827 0.0
-0.12596950201386628 0.0
-0.12285914393944983 0.16075319562485008
-0.11974878586503337 0.16075319562485008
-0.11663842779061692 0.16075319562485008
-0.11352806971620047 0.09645191737491005
-0.11041771164178402 0.1929038347498201
-0.10730735356736756 0.35365703037467017
-0.10419699549295111 0.1929038347498201
-0.10108663741853466 0.3858076694996402
-0.0979762793441182 0.5465608651244903
-0.09486592126970175 0.610862143374433
-0.09175556319528531 0.6430127824994003
-0.08864520512086886 0.7394646998743103
-0.08553484704645241 0.7394646998743103
-0.08242448897203596 1.2217242867488605
-0.0793141308976195 1.1574230084989205
-0.07620377282320305 1.6718332344984406
-0.0730934147487866 1.7361345127483885
-0.06998305667437016 2.5077498517476613
-0.0668726985999537 1.896887708373231
-0.06376234052553725 2.346996656122811
-0.0606519824511208 2.957858799497241
-0.05754162437670435 3.022160077747181
-0.054431266302287895 3.343666468996881
-0.05132090822787144 4.533240116620772
-0.04821055015345499 4.886897146995442
-0.04510019207903854 5.626361846869777
-0.0419898340046221 5.851416320744542
-0.038879475930205645 6.623031659743823
-0.03576911785578919 6.205073351119212
-0.03265875978137274 7.298195081368226
-0.0295484017069563 8.359166172492204
-0.026438043632539848 8.230563615992324
-0.023327685558123396 8.841425759366754
-0.020217327483706943 9.227233428866395
-0.01710696940929049 9.902396850490765
-0.013996611334874037 10.191752602615495
-0.010886253260457585 10.706162828615016
-0.007775895186041132 10.899066663364835
-0.004665537111624679 10.995518580739745
-0.0015551790372082264 10.288204519990405
0.0015551790372082264 10.545409632990165
0.004665537111624679 10.063150046115615
0.007775895186041132 10.995518580739745
0.010886253260457585 9.741643654865914
0.013996611334874037 10.288204519990497
0.017106969409290462 8.519919368117053
0.020217327483706915 9.516589180991124
0.023327685558123368 8.744973841991845
0.02643804363253982 7.458948276993043
0.029548401706956273 7.9090572247426225
0.032658759781372726 7.105291246618373
0.03576911785578918 6.912387411868553
0.03887947593020563 6.076470794619333
0.041989834004622084 5.208403538245142
0.04510019207903854 4.790445229620532
0.04821055015345499 4.404637560120892
0.05132090822787144 4.0831311688711915
0.054431266302287895 3.3115158298719116
0.05754162437670435 2.9900094386222116
0.0606519824511208 2.282695377872871
0.06376234052553725 1.896887708373231
0.0668726985999537 2.2505447387479207
0.06998305667437013 1.7361345127483807
0.07309341474878658 1.3181762041237706
0.07620377282320304 1.3824774823737105
0.07931413089761949 1.1895736476238905
0.08242448897203594 0.9002178954991604
0.0855348470464524 0.8037659781242503
0.08864520512086885 0.41795830862461014
0.0917555631952853 0.4822595868745545
0.09486592126970173 0.28935575212473014
0.09797627934411818 0.32150639124970015
0.10108663741853463 0.35365703037467017
0.10419699549295108 0.35365703037467017
0.10730735356736754 0.09645191737491005
0.11041771164178399 0.16075319562485008
0.11352806971620044 0.12860255649988006
0.1166384277906169 0.1929038347498201
0.11974878586503335 0.06430127824994003
0.1228591439394498 0.12860255649988006
0.12596950201386625 0.16075319562485008
0.1290798600882827 0.09645191737491005
0.13219021816269916 0.09645191737491005
0.1353005762371156 0.0
0.13841093431153206 0.0
0.14152129238594852 0.0
0.14463165046036497 0.06430127824994003
0.14774200853478142 0.032150639124970015
0.15085236660919787 0.0
0.15396272468361433 0.032150639124970015
0.15707308275803078 
