-0.004595028737704038 0.0
-0.00450403806963069 0.0
-0.004413047401557343 0.0
-0.004322056733483996 0.0
-0.004231066065410649 0.0
-0.004140075397337301 0.0
-0.0040490847292639544 0.0
-0.003958094061190607 0.0
-0.0038671033931172594 1.0990138012767428
-0.003776112725043912 0.0
-0.003685122056970565 2.198027602553496
-0.003594131388897218 1.0990138012767428
-0.0035031407208238703 2.1980276025534855
-0.0034121500527505228 3.297041403830244
-0.0033211593846771757 2.198027602553496
-0.0032301687166038286 5.495069006383714
-0.003139178048530481 3.297041403830228
-0.0030481873804571336 2.198027602553496
-0.0029571967123837866 3.297041403830244
-0.0028662060443104395 8.792110410213942
-0.002775215376237092 9.891124211490686
-0.0026842247081637445 27.475345031918703
-0.0025932340400903974 12.089151814044227
-0.0025022433720170503 16.48520701915114
-0.002411252703943703 20.881262224258112
-0.0023202620358703553 32.970414038302444
-0.0022292713677970082 26.376331230641952
-0.002138280699723661 51.65364866000691
-0.0020472900316503137 49.45562105745343
-0.001956299363576966 72.53491088426537
-0.001865308695503619 85.72307649958634
-0.001774318027430272 72.53491088426502
-0.0016833273593569245 119.79250433916496
-0.001592336691283577 140.67376656342375
-0.00150134602321023 138.47573896087027
-0.0014103553551368829 136.2777113583161
-0.0013193646870635354 174.74319440300212
-0.0012283740189901879 189.03037381960064
-0.0011373833509168408 209.91163604385886
-0.0010463926828434937 248.37711908854385
-0.0009554020147701462 280.2485193255694
-0.0008644113466967987 283.545560729401
-0.0007734206786234516 305.52583675493594
-0.0006824300105501046 283.54556072939965
-0.000591439342476757 357.17948541494144
-0.0005004486744034095 351.68441640856105
-0.0004094580063300629 380.25877524175297
-0.0003184673382567154 363.77356822260185
-0.0002274766701833679 419.82327208771574
-0.0001364860021100204 403.3380650685646
-4.5495334036672885e-05 394.5459546583544
4.549533403667375e-05 395.6449684596274
0.00013648600211002126 403.3380650685646
0.00022747667018336876 375.8627200366496
0.0003184673382567154 384.65483044686
0.0004094580063300629 397.84299606218093
0.0005004486744034104 314.31794716514844
0.0005914393424767579 327.5061127804693
0.0006824300105501054 305.5258367549374
0.0007734206786234521 276.9514779217392
0.0008644113466967996 259.3672571013113
0.0009554020147701471 250.57514669109975
0.0010463926828434937 206.61459464002763
0.0011373833509168412 197.8224842298137
0.0012283740189901887 164.85207019151142
0.0013193646870635362 131.88165615320912
0.0014103553551368837 158.25798738385248
0.0015013460232102304 135.17869755703938
0.0015923366912835779 102.20828351873708
0.0016833273593569254 93.41617310852402
0.001774318027430272 71.43589708298828
0.0018653086955036195 59.34674526894412
0.001956299363576967 48.35660725617668
0.0020472900316503145 39.56449684596274
0.002138280699723662 34.069427839579355
0.0022292713677970087 38.465483044685996
0.002320262035870356 21.980276025534856
0.0024112527039437037 18.683234621704806
0.0025022433720170503 12.08915181404417
0.002593234040090398 20.881262224258112
0.0026842247081637453 15.3861932178744
0.002775215376237093 12.08915181404417
0.0028662060443104403 2.1980276025535064
0.002957196712383787 3.297041403830228
0.0030481873804571345 3.297041403830228
0.003139178048530482 2.1980276025535064
0.0032301687166038286 1.0990138012767428
0.003321159384677176 0.0
0.0034121500527505236 3.297041403830228
0.003503140720823871 2.1980276025534855
0.0035941313888972187 0.0
0.003685122056970566 2.1980276025535272
0.003776112725043912 0.0
0.0038671033931172594 1.0990138012767428
0.003958094061190607 0.0
0.0040490847292639544 0.0
0.004140075397337302 0.0
0.0042310660654106495 0.0
0.004322056733483997 0.0
0.0044130474015573445 0.0
0.004504038069630692 1.0990138012767636
0.004595028737704038 
