-0.0062314996055921 0.8103988316822113
-0.006108103573798197 0.0
-0.005984707542004294 0.0
-0.0058613115102103906 0.0
-0.0057379154784164875 0.0
-0.0056145194466225845 0.0
-0.0054911234148286815 0.8103988316822113
-0.0053677273830347785 1.6207976633644339
-0.005244331351240876 1.620797663364411
-0.005120935319446972 0.8103988316822169
-0.00499753928765307 1.6207976633644225
-0.004874143255859167 3.241595326728845
-0.004750747224065264 3.241595326728845
-0.004627351192271361 4.0519941584110555
-0.004503955160477458 6.48319065345769
-0.004380559128683555 7.293589485139901
-0.004257163096889652 4.862392990093267
-0.004133767065095749 6.48319065345769
-0.004010371033301846 7.293589485139901
-0.003886975001507943 17.018375465326436
-0.00376357896971404 21.070369623737566
-0.0036401829379201374 18.63917312869086
-0.0035167869061262344 23.501566118784126
-0.0033933908743323314 31.605554435606237
-0.0032699948425384284 31.605554435606237
-0.0031465988107445254 44.57193574252162
-0.0030232027789506223 50.2447275642971
-0.0028998067471567193 49.43432873261506
-0.0027764107153628167 48.62392990093267
-0.0026530146835689137 57.53831704943699
-0.0025296186517750107 71.31509718803458
-0.0024062226199811076 83.47107966326776
-0.0022828265881872046 96.43746097018314
-0.0021594305563933016 117.50783059392062
-0.0020360345245993986 115.07663409887398
-0.0019126384928054956 136.1470037226115
-0.0017892424610115925 148.30298619784466
-0.0016658464292176895 152.3549803562557
-0.0015424503974237865 174.23574881167542
-0.0014190543656298835 166.94215932653552
-0.0012956583338359804 177.4773441384055
-0.0011722623020420783 188.012528950273
-0.0010488662702481753 213.13489273242155
-0.0009254702384542722 219.61808338587923
-0.0008020742066603692 239.0676553462523
-0.0006786781748664662 241.49885184129894
-0.0005552821430725632 254.4652331482143
-0.00043188611127866015 242.30925067298114
-0.0003084900794847571 256.0860308115787
-0.0001850940476908541 245.55084599971
-6.169801589695108e-05 280.39799576204507
6.169801589695195e-05 244.7404471680278
0.00018509404769085497 251.22363782148548
0.000308490079484758 217.9972857225148
0.000431886111278661 243.11964950466339
0.000555282143072564 226.91167287102073
0.0006786781748664662 226.10127403933694
0.0008020742066603692 224.48047637597253
0.0009254702384542722 179.0981418017687
0.0010488662702481753 198.54771376214174
0.0011722623020420783 196.92691609877733
0.0012956583338359813 185.58133245522637
0.0014190543656298843 158.02777217803117
0.0015424503974237874 156.40697451466676
0.0016658464292176904 143.4405932077524
0.0017892424610115925 107.78304461373332
0.0019126384928054964 115.0766340988748
0.0020360345245993986 117.5078305939198
0.0021594305563933025 96.4374609701838
0.0022828265881872046 76.17749017812731
0.0024062226199811085 66.45270419794178
0.0025296186517750107 65.64230536625865
0.0026530146835689146 42.14073924747528
0.0027764107153628167 39.70954275242807
0.0028998067471567206 45.38233457420415
0.0030232027789506228 32.41595326728822
0.0031465988107445267 30.795155603924243
0.003269994842538429 32.41595326728822
0.0033933908743323327 15.397577801962122
0.003516786906126235 16.20797663364411
0.0036401829379201387 17.82877429700877
0.003763578969714041 18.639173128690988
0.003886975001507943 6.483190653457644
0.004010371033301847 9.724785980186603
0.004133767065095749 8.103988316822054
0.004257163096889653 3.2415953267288677
0.004380559128683555 6.483190653457644
0.004503955160477459 0.8103988316822169
0.004627351192271361 1.620797663364411
0.004750747224065265 3.2415953267288677
0.004874143255859167 4.051994158411027
0.004997539287653071 0.0
0.005120935319446973 0.8103988316822055
0.005244331351240877 0.8103988316822169
0.005367727383034779 1.620797663364411
0.005491123414828683 2.4311964950466507
0.005614519446622585 0.0
0.0057379154784164875 1.620797663364411
0.005861311510210391 0.8103988316822169
0.005984707542004294 0.0
0.0061081035737981975 0.0
0.0062314996055921 
