-0.01691548004943832 0.2985431087524882
-0.016580520048459346 0.2985431087524882
-0.01624556004748037 0.0
-0.01591060004650139 0.0
-0.015575640045522416 0.2985431087524867
-0.015240680044543438 0.0
-0.014905720043564462 0.2985431087524882
-0.014570760042585486 0.2985431087524867
-0.014235800041606508 0.2985431087524882
-0.013900840040627532 0.2985431087524867
-0.013565880039648554 0.2985431087524882
-0.013230920038669578 0.0
-0.012895960037690602 0.2985431087524882
-0.012561000036711626 0.5970862175049734
-0.012226040035732648 1.1941724350099527
-0.011891080034753672 1.1941724350099467
-0.011556120033774694 2.3883448700199055
-0.011221160032795718 2.0898017612674176
-0.010886200031816742 4.478146631287323
-0.010551240030837766 4.179603522534813
-0.010216280029858789 3.881060413782347
-0.009881320028879812 5.075232848792273
-0.009546360027900835 6.269405283802252
-0.009211400026921859 7.762120827564694
-0.008876440025942883 7.463577718812166
-0.008541480024963905 8.956293262574645
-0.008206520023984929 14.031526111366945
-0.007871560023005953 17.315500307644225
-0.007536600022026975 20.00238828641671
-0.007201640021047999 22.092190047684127
-0.006866680020069023 23.28636248269396
-0.006531720019090045 28.361595331486377
-0.006196760018111069 31.944112636516238
-0.005861800017132093 37.01934548530835
-0.005526840016153115 44.184380095368255
-0.005191880015174139 45.67709563913069
-0.004856920014195163 51.647957814180195
-0.004521960013216185 56.723190662972755
-0.004187000012237209 65.08239770804244
-0.003852040011258233 72.54597542685426
-0.0035170800102792554 68.96345812182477
-0.0031821200093002794 76.72557894938947
-0.0028471600083213033 80.90518247192388
-0.0025122000073423256 80.00955314566684
-0.0021772400063633495 82.09935490693425
-0.0018422800053843735 93.44399303952832
-0.0015073200044053957 95.23525169204373
-0.0011723600034264196 94.04107925703379
-0.0008374000024474436 100.01194143208355
-0.0005024400014684675 99.71339832333003
-0.00016748000048948802 97.62359656206364
0.00016748000048948802 101.50465697584599
0.0005024400014684641 97.32505345331116
0.0008374000024474401 98.5192258883211
0.0011723600034264162 94.33962236578627
0.0015073200044053922 82.3978980156859
0.0018422800053843717 84.78624288570664
0.0021772400063633478 85.08478599445914
0.002512200007342324 70.15763055683472
0.0028471600083213 77.02412205814196
0.003182120009300276 61.499880403012575
0.003517080010279252 67.76928568681411
0.0038520400112582315 58.2159062067352
0.0041870000122372075 51.94650092293295
0.004521960013216184 48.065440509150605
0.00485692001419516 41.79603522534835
0.005191880015174136 34.63100061528827
0.005526840016153115 42.69166455160581
0.005861800017132091 34.332457506536144
0.006196760018111067 32.54119885402122
0.006531720019090043 24.181991808951544
0.006866680020069019 22.092190047684127
0.007201640021047995 18.808215851406562
0.007536600022026975 19.106758960159244
0.007871560023005951 15.822784763881875
0.008206520023984927 10.449008806337087
0.008541480024963903 8.06066393631718
0.008876440025942879 7.762120827564694
0.009211400026921855 7.463577718812128
0.009546360027900835 4.776689740039811
0.00988132002887981 5.9708621750497635
0.010216280029858787 1.791258652514929
0.010551240030837763 4.776689740039811
0.010886200031816739 2.9854310875248817
0.011221160032795715 2.089801761267396
0.011556120033774694 2.0898017612674176
0.01189108003475367 1.1941724350099527
0.012226040035732647 0.8956293262574645
0.012561000036711623 0.8956293262574645
0.012895960037690599 0.5970862175049764
0.013230920038669575 0.5970862175049703
0.013565880039648554 0.0
0.01390084004062753 0.2985431087524882
0.014235800041606506 0.5970862175049764
0.014570760042585482 0.0
0.014905720043564458 0.2985431087524882
0.015240680044543434 0.2985431087524882
0.01557564004552241 0.0
0.015910600046501387 0.0
0.01624556004748037 0.0
0.016580520048459346 0.0
0.01691548004943832 
