-0.005165599497247662 1.9552425629167438
-0.005063310398292263 0.0
-0.004961021299336864 0.0
-0.004858732200381464 0.0
-0.004756443101426065 0.0
-0.004654154002470666 0.9776212814583801
-0.004551864903515267 0.9776212814583719
-0.004449575804559867 3.9104851258334876
-0.004347286705604468 1.9552425629167602
-0.004244997606649069 0.9776212814583801
-0.00414270850769367 0.9776212814583719
-0.004040419408738271 3.9104851258334876
-0.003938130309782871 2.9328638443751407
-0.0038358412108274722 14.664319221875578
-0.0037335521118720726 5.8657276887502565
-0.0036312630129166734 9.77621281458376
-0.003528973913961274 13.686697940417266
-0.003426684815005875 23.462910755001026
-0.003324395716050476 14.664319221875578
-0.003222106617095076 18.57480434770922
-0.0031198175181396774 19.552425629167438
-0.003017528419184278 26.395774599376153
-0.0029152393202288786 41.0600938212518
-0.0028129502212734794 47.90344279146043
-0.00271066112231808 50.836306635835555
-0.002608372023362681 44.9705789470853
-0.002506082924407282 57.679655606044186
-0.0024037938254518826 68.43348970208604
-0.002301504726496483 88.96353661271222
-0.002199215627541084 83.09780892396196
-0.0020969265285856846 107.53834096042137
-0.0019946374296302854 94.82926430146249
-0.0018923483306748862 143.7103283743813
-0.001790059231719487 112.42644736771325
-0.0016877701327640878 124.15790274521376
-0.0015854810338086886 146.6431922187564
-0.0014831919348532894 166.19561784792324
-0.0013809028358978898 198.45712013605035
-0.0012786137369424906 186.72566475854984
-0.0011763246379870914 197.4794988545928
-0.0010740355390316926 231.69624370563417
-0.000971746440076293 234.62910755000925
-0.0008694573411208934 245.38294164605347
-0.0007671682421654946 240.4948352387595
-0.000664879143210095 262.00250343084593
-0.0005625900442546962 254.18153317917668
-0.0004603009452992966 274.71158008980484
-0.00035801184634389784 291.33114187459483
-0.0002557227473884982 285.4654141858446
-0.00015343364843309858 285.465414185847
-5.1144549477699815e-05 291.33114187459483
5.1144549477699815e-05 301.10735468918114
0.00015343364843309858 269.82347368251067
0.0002557227473884982 271.7787162454297
0.00035801184634389697 265.91298855667713
0.0004603009452992966 247.3381842089681
0.0005625900442546962 258.0920183050124
0.000664879143210095 261.0248821493853
0.0007671682421654946 240.49483523876154
0.0008694573411208934 241.4724565202179
0.000971746440076293 206.2780903877182
0.0010740355390316918 188.68090732146578
0.0011763246379870914 188.6809073214674
0.0012786137369424902 193.56901372875765
0.0013809028358978898 167.1732391293816
0.0014831919348532894 150.55367734459057
0.0015854810338086882 163.2627540035481
0.0016877701327640878 145.66557093729867
0.0017900592317194866 126.11314530812997
0.0018923483306748862 112.42644736771372
0.001994637429630285 113.40406864917115
0.0020969265285856846 95.80688558292125
0.0021992156275410834 66.47824713916928
0.002301504726496483 77.23208123521138
0.0024037938254518826 57.679655606044435
0.0025060829244072814 48.8810640729186
0.002608372023362681 32.26150228812655
0.0027106611223180798 39.104851258334875
0.0028129502212734794 34.21674485104302
0.002915239320228879 36.17198741396037
0.003017528419184277 22.485289473542554
0.0031198175181396766 26.39577459937604
0.003222106617095076 25.41815331791767
0.003324395716050476 16.61956178479232
0.0034266848150058754 14.664319221875829
0.0035289739139612733 10.753834096042091
0.003631263012916673 6.843348970208604
0.0037335521118720726 2.932863844375116
0.0038358412108274722 5.865727688750232
0.003938130309782872 2.9328638443751656
0.00404041940873827 1.9552425629167438
0.004142708507693669 4.888106407291859
0.004244997606649069 3.9104851258334876
0.004347286705604469 2.9328638443751656
0.0044495758045598665 0.9776212814583719
0.004551864903515266 0.9776212814583719
0.004654154002470666 0.9776212814583719
0.004756443101426065 0.0
0.004858732200381465 0.0
0.004961021299336863 0.9776212814583719
0.005063310398292263 0.0
0.005165599497247662 
