-0.738891840110824 0.0
-0.724260318524471 0.020503677504041327
-0.7096287969381181 0.0
-0.6949972753517651 0.0
-0.6803657537654122 0.006834559168013776
-0.6657342321790592 0.006834559168013776
-0.6511027105927063 0.006834559168013776
-0.6364711890063534 0.013669118336027552
-0.6218396674200004 0.03417279584006888
-0.6072081458336475 0.027338236672055104
-0.5925766242472945 0.020503677504041327
-0.5779451026609416 0.0
-0.5633135810745886 0.03417279584006862
-0.5486820594882356 0.027338236672055313
-0.5340505379018827 0.02050367750404117
-0.5194190163155297 0.03417279584006914
-0.5047874947291768 0.041007355008082495
-0.49015597314282383 0.0888492691841791
-0.4755244515564709 0.03417279584006888
-0.46089292997011794 0.10935294668822042
-0.446261408383765 0.08201471001616531
-0.43162988679741204 0.12302206502424796
-0.4169983652110591 0.1913676567043857
-0.40236684362470615 0.14352574252828873
-0.38773532203835315 0.2802169258885648
-0.3731038004520002 0.34856251756870255
-0.35847227886564725 0.2938860442245924
-0.3438407572792943 0.2938860442245924
-0.32920923569294136 0.396404431744799
-0.3145777141065884 0.457915464256923
-0.29994619252023547 0.5399301742730883
-0.2853146709338825 0.7039595943054189
-0.2706831493475296 0.7654706268175429
-0.2560516277611766 0.8201471001616532
-0.24142010617482368 0.7859743043215842
-0.22678858458847073 0.915830928513846
-0.21215706300211779 1.1482059402263143
-0.19752554141576484 1.2370552094104934
-0.1828940198294119 1.1618750585623419
-0.16826249824305894 1.373746392770769
-0.153630976656706 1.70180523283543
-0.13899945507035305 1.5514449311391272
-0.1243679334840001 1.9136765670438574
-0.10973641189764716 2.043533191236119
-0.09510489031129421 1.9751875995559813
-0.08047336872494126 2.2075626112684494
-0.06584184713858832 2.070871427908174
-0.05121032555223537 2.405764827140831
-0.03657880396588231 2.3852611496368077
-0.021947282379529365 2.467275859652973
-0.007315760793176418 2.6039670430132484
0.007315760793176529 2.1870589337644084
0.021947282379529476 2.3579229129647525
0.03657880396588242 2.651808957189345
0.05121032555223537 2.2759082029485875
0.06584184713858832 2.00936039539605
0.08047336872494126 2.105044223748243
0.09510489031129421 1.8384964161957058
0.10973641189764716 1.8863383303718022
0.1243679334840001 1.6129559636512512
0.13899945507035305 1.4147537477788514
0.153630976656706 1.4352574252828931
0.16826249824305894 1.2575588869145347
0.1828940198294119 1.4762647802909756
0.19752554141576484 0.9841765201939837
0.21215706300211779 0.7518015084815154
0.22678858458847073 0.7518015084815154
0.24142010617482368 0.6561176801293225
0.2560516277611766 0.7449669493134959
0.2706831493475297 0.5877720884491893
0.2853146709338825 0.6424485617932901
0.2999461925202356 0.32805884006466374
0.3145777141065884 0.3759007542407548
0.32920923569294147 0.3212242808966499
0.3438407572792943 0.27338236672054894
0.35847227886564736 0.28021692588856695
0.3731038004520002 0.198202215872398
0.38773532203835326 0.15719486086431805
0.4023668436247061 0.15719486086431567
0.41699836521105915 0.17086397920034568
0.431629886797412 0.08884926918417842
0.44626140838376505 0.0751801508481521
0.4608929299701179 0.06834559168013724
0.47552445155647094 0.04100735500808297
0.4901559731428238 0.047841914176096074
0.5047874947291768 0.03417279584006914
0.5194190163155297 0.0273382366720549
0.5340505379018827 0.027338236672055313
0.5486820594882356 0.0273382366720549
0.5633135810745886 0.03417279584006914
0.5779451026609415 0.0273382366720549
0.5925766242472945 0.0
0.6072081458336474 0.006834559168013725
0.6218396674200004 0.0
0.6364711890063532 0.0
0.6511027105927063 0.01366911833602745
0.6657342321790594 0.0
0.6803657537654122 0.01366911833602745
0.6949972753517653 0.0
0.7096287969381181 0.0
0.7242603185244711 0.006834559168013828
0.738891840110824 
