-0.00711172831779301 1.4201892351161074
-0.0069709020144703765 0.0
-0.006830075711147743 0.7100946175580493
-0.006689249407825108 0.7100946175580537
-0.006548423104502475 0.0
-0.006407596801179841 0.0
-0.0062667704978572065 0.0
-0.006125944194534573 0.0
-0.005985117891211939 0.0
-0.0058442915878893055 0.0
-0.005703465284566672 2.1302838526741477
-0.005562638981244037 2.130283852674161
-0.005421812677921404 2.130283852674161
-0.00528098637459877 4.260567705348295
-0.0051401600712761356 5.68075694046443
-0.004999333767953502 4.260567705348322
-0.004858507464630868 1.4201892351161074
-0.004717681161308235 8.521135410696644
-0.004576854857985601 7.100946175580492
-0.0044360285546629664 12.071608498486912
-0.004295202251340333 13.491797733603018
-0.004154375948017699 18.462460056509283
-0.004013549644695065 20.592743909183554
-0.003872723341372431 21.30283852674161
-0.0037318970380497973 27.693690084764093
-0.0035910707347271637 23.433122379415696
-0.0034502444314045296 27.693690084764008
-0.0033094181280818955 36.21482549546074
-0.003168591824759262 39.05520396569295
-0.0030277655214366282 60.35804249243419
-0.0028869392181139937 65.32870481534094
-0.00274611291479136 66.74889405045704
-0.0026052866114687264 82.37097563673422
-0.0024644603081460928 99.41324645812752
-0.002323634004823459 97.28296260545275
-0.0021828077015008246 105.09400339859194
-0.002041981398178191 128.52712577800773
-0.0019011550948555573 137.75835580626156
-0.0017603287915329228 144.1492073642849
-0.0016195024882102891 166.16214050858457
-0.0014786761848876555 171.842897449049
-0.0013378498815650218 170.42270821393288
-0.0011970235782423882 173.26308668416402
-0.0010561972749197537 178.23374900707145
-0.00091537097159712 210.89810141474194
-0.0007745446682744864 204.50724985671818
-0.0006337183649518519 222.96970991322883
-0.0004928920616292182 217.28895297276443
-0.00035206575830658456 218.70914220788052
-0.0002112394549839509 218.70914220788052
-7.041315166131726e-05 237.8816968819465
7.041315166131726e-05 222.96970991322883
0.0002112394549839509 233.62112917659962
0.00035206575830658456 222.25961529566945
0.0004928920616292191 210.89810141474194
0.0006337183649518527 192.43564135823254
0.0007745446682744864 207.34762832695037
0.0009153709715971209 198.1163982986982
0.0010561972749197537 184.6246005650928
0.0011970235782423882 177.5236543895123
0.0013378498815650227 175.39337053684034
0.0014786761848876555 149.8299643047484
0.00161950248821029 140.5987342764955
0.0017603287915329228 132.07759886579717
0.0019011550948555573 113.61513880928787
0.002041981398178192 106.5141926337087
0.0021828077015008246 80.95078640161762
0.002323634004823459 90.18201642987337
0.002464460308146092 78.11040793138542
0.0026052866114687264 70.29936713824688
0.002746112914791361 66.74889405045745
0.0028869392181139937 58.22775863976003
0.0030277655214366282 39.76529858325076
0.0031685918247592627 46.15615014127377
0.0033094181280818955 43.315771671041006
0.00345024443140453 34.79463626034441
0.0035910707347271646 27.693690084764263
0.0037318970380497973 19.88264929162538
0.003872723341372432 26.273500849648148
0.004013549644695065 16.332176203835132
0.004154375948017699 11.361513880928788
0.004295202251340334 14.911986968719217
0.0044360285546629664 7.100946175580492
0.004576854857985601 8.521135410696695
0.004717681161308234 6.390851558022443
0.004858507464630868 5.680756940464394
0.004999333767953503 2.130283852674174
0.0051401600712761356 2.840378470232197
0.00528098637459877 4.970662322906345
0.005421812677921405 2.840378470232232
0.005562638981244037 2.1302838526741477
0.005703465284566672 0.7100946175580493
0.005844291587889306 1.420189235116116
0.005985117891211939 0.0
0.006125944194534574 2.840378470232232
0.0062667704978572065 0.0
0.006407596801179841 0.7100946175580493
0.0065484231045024755 0.0
0.006689249407825108 1.4201892351160985
0.006830075711147743 0.0
0.006970902014470376 0.0
0.00711172831779301 
