-0.006252452239175613 0.0
-0.006128641303746392 0.0
-0.006004830368317173 0.0
-0.005881019432887952 0.0
-0.005757208497458733 0.0
-0.005633397562029512 0.8076830988581631
-0.005509586626600293 0.0
-0.005385775691171072 0.8076830988581575
-0.005261964755741852 0.0
-0.005138153820312632 0.8076830988581631
-0.005014342884883413 3.23073239543263
-0.004890531949454192 3.23073239543263
-0.004766721014024972 0.8076830988581631
-0.004642910078595752 2.4230492965744723
-0.004519099143166532 5.653781692007142
-0.004395288207737312 5.653781692007103
-0.004271477272308092 6.46146479086526
-0.0041476663368788715 6.461464790865305
-0.004023855401449652 10.499880285156085
-0.003900044466020432 10.499880285156085
-0.003776233530591212 15.34597887830499
-0.0036524225951619915 17.769028174879526
-0.0035286116597327715 20.19207747145401
-0.0034048007243035515 17.769028174879526
-0.0032809897888743315 29.07659155889377
-0.0031571788534451115 33.11500705318457
-0.0030333679180158915 50.07635212920594
-0.0029095569825866715 46.03793663491498
-0.002785746047157451 44.42257043719882
-0.002661935111728231 52.49940142578043
-0.002538124176299011 66.23001410636914
-0.002414313240869791 96.11428876412108
-0.002290502305440571 78.34526058924128
-0.0021666913700113507 95.30660566526325
-0.002042880434582131 109.03721834585126
-0.0019190694991529107 133.2677113115969
-0.001795258563723691 134.07539441045412
-0.0016714476282944707 134.88307750931324
-0.001547636692865251 174.459549353362
-0.0014238257574360307 161.53661977163262
-0.001300014822006811 191.42089442938334
-0.0011762038865775907 218.07443669170252
-0.0010523929511483702 190.6132113305265
-0.0009285820157191507 215.65138739512804
-0.0008047710802899302 218.07443669170408
-0.0006809601448607107 246.34334515173802
-0.0005571492094314902 255.22785923917954
-0.00043333827400227065 244.72797895402172
-0.0003095273385730502 247.1510282505962
-0.00018571640314382978 243.92029585516528
-6.190546771461022e-05 260.0739578323267
6.190546771461022e-05 251.99712684374688
0.00018571640314382978 278.6506691060643
0.0003095273385730502 252.80480994260506
0.0004333382740022698 249.57407754717065
0.0005571492094314902 230.1896831745749
0.0006809601448607107 268.95847191976833
0.0008047710802899302 226.1512676802841
0.0009285820157191507 188.99784513281017
0.0010523929511483702 219.68980288941884
0.0011762038865775907 196.26699302253365
0.0013000148220068102 184.1517465396599
0.0014238257574360307 156.69052117848364
0.0015476366928652502 169.61345076021308
0.0016714476282944707 130.84466201502153
0.001795258563723691 122.76783102643992
0.0019190694991529115 115.49868313671814
0.0020428804345821302 87.229774676681
0.0021666913700113507 95.30660566526258
0.002290502305440571 83.19135918239022
0.0024143132408697915 76.72989439152603
0.0025381241762990102 67.03769720522706
0.0026619351117282307 58.15318311778734
0.002785746047157451 41.99952114062419
0.0029095569825866715 41.99952114062419
0.003033367918015892 26.65354226231957
0.0031571788534451107 26.653542262319196
0.003280989788874331 30.69195775660998
0.0034048007243035515 21.80744366917025
0.003528611659732772 17.769028174879715
0.0036524225951619907 11.307563384014205
0.003776233530591211 11.307563384014205
0.0039000444660204315 6.46146479086526
0.004023855401449652 4.846098593148945
0.004147666336878872 7.26914788972352
0.004271477272308091 4.846098593148945
0.0043952882077373115 4.0384154942907875
0.004519099143166532 2.4230492965744723
0.004642910078595752 1.615366197716315
0.004766721014024973 1.6153661977163376
0.0048905319494541915 0.0
0.005014342884883412 0.8076830988581575
0.005138153820312632 0.8076830988581575
0.005261964755741853 0.8076830988581688
0.0053857756911710715 0.0
0.005509586626600292 0.8076830988581575
0.005633397562029512 0.8076830988581575
0.005757208497458733 0.0
0.005881019432887953 0.0
0.006004830368317172 0.0
0.006128641303746392 0.8076830988581575
0.006252452239175613 
