-0.020703664953284354 0.24391816673013264
-0.020293691389852982 0.2439181667301306
-0.019883717826421607 0.0
-0.019473744262990235 0.0
-0.01906377069955886 0.0
-0.018653797136127487 0.24391816673013264
-0.018243823572696116 0.2439181667301306
-0.01783385000926474 0.0
-0.017423876445833368 0.0
-0.017013902882401996 0.4878363334602612
-0.01660392931897062 0.24391816673013264
-0.01619395575553925 0.2439181667301306
-0.015783982192107873 0.24391816673013264
-0.015374008628676501 1.219590833650658
-0.014964035065245128 1.219590833650658
-0.014554061501813754 0.9756726669205306
-0.014144087938382382 2.439181667301306
-0.013734114374951006 2.683099834031459
-0.013324140811519634 3.170936167491711
-0.01291416724808826 3.9026906676821054
-0.012504193684656887 3.6587725009519896
-0.012094220121225515 4.878363334602632
-0.011684246557794141 6.585790501713554
-0.011274272994362768 6.09795416825329
-0.010864299430931394 10.000644835935397
-0.01045432586750002 8.781054002284776
-0.010044352304068648 12.683744669966844
-0.009634378740637274 14.635090003807894
-0.0092244051772059 15.12292633726816
-0.008814431613774527 16.83035350437915
-0.008404458050343155 22.92830767263237
-0.007994484486911781 24.14789850628303
-0.007584510923480408 27.806671007235003
-0.007174537360049034 34.88029784240882
-0.00676456379661766 33.6607070087583
-0.006354590233186288 33.660707008758166
-0.0059446166697549145 42.4417610110429
-0.005534643106323541 40.00257934374159
-0.005124669542892167 47.32012434564573
-0.004714695979460795 49.02755151275625
-0.00430472241602942 65.37006868367556
-0.0038947488525980477 59.51603268215236
-0.0034847752891666757 65.85790501713525
-0.0030748017257353003 70.49235018500833
-0.0026648281623039283 63.17480518310382
-0.002254854598872553 73.41936818576993
-0.0018448810354411808 78.29773152037258
-0.0014349074720098089 76.10246801980074
-0.0010249339085784334 73.90720451923019
-0.0006149603451470614 86.34703102246623
-0.000204986781715686 78.5416496871027
0.000204986781715686 88.05445818957789
0.000614960345147058 71.46802285192825
0.0010249339085784334 76.83422251999178
0.0014349074720098054 78.78556785383284
0.0018448810354411774 72.19977735211866
0.002254854598872553 70.24843201827821
0.002664828162303925 64.88223235021474
0.0030748017257353003 62.93088701637422
0.0034847752891666722 55.125505681009976
0.003894748852598044 48.05187884583572
0.00430472241602942 50.73497867986759
0.004714695979460792 50.978896846597294
0.005124669542892167 46.34445167872521
0.005534643106323539 43.66135184469374
0.005944616669754911 37.563397676440104
0.0063545902331862865 35.855970509329495
0.0067645637966176585 24.87965300647332
0.007174537360049034 27.318834673774855
0.007584510923480406 24.635734839743396
0.007994484486911778 21.22088050552136
0.008404458050343153 20.245207838601008
0.008814431613774525 17.07427167110914
0.0092244051772059 16.098599004188753
0.009634378740637273 11.708072003046366
0.010044352304068645 8.53713583555457
0.01045432586750002 9.024972169014907
0.010864299430931392 8.293217668824509
0.011274272994362764 4.63444516787252
0.011684246557794136 5.122281501332699
0.012094220121225515 5.122281501332785
0.012504193684656887 4.63444516787252
0.012914167248088259 3.9026906676821222
0.013324140811519631 1.7074271671109285
0.013734114374951003 1.2195908336506425
0.014144087938382382 0.9756726669205306
0.014554061501813754 1.4635090003807958
0.014964035065245126 0.4878363334602653
0.015374008628676498 0.7317545001903979
0.01578398219210787 0.2439181667301285
0.01619395575553925 0.24391816673013264
0.01660392931897062 0.0
0.017013902882401993 0.9756726669205306
0.017423876445833365 0.4878363334602653
0.017833850009264737 0.0
0.018243823572696116 0.0
0.018653797136127487 0.0
0.01906377069955886 0.24391816673013264
0.01947374426299023 0.24391816673013264
0.019883717826421603 0.0
0.020293691389852982 0.0
0.020703664953284354 
