-0.004363727574395235 0.0
-0.004277317127377507 0.0
-0.00419090668035978 0.0
-0.004104496233342052 0.0
-0.004018085786324325 0.0
-0.0039316753393065975 0.0
-0.0038452648922888705 1.1572674769230642
-0.0037588544452711427 1.1572674769230757
-0.0036724439982534158 1.1572674769230642
-0.003586033551235688 5.786337384615379
-0.003499623104217961 2.3145349538461284
-0.003413212657200233 2.31453495384614
-0.0033268022101825057 1.15726747692307
-0.0032403917631647784 5.786337384615351
-0.003153981316147051 9.25813981538456
-0.0030675708691293236 5.786337384615351
-0.002981160422111596 8.10087233846149
-0.0028947499750938688 15.044477199999909
-0.0028083395280761414 16.20174467692298
-0.002721929081058414 13.887209723076841
-0.0026355186340406866 27.774419446153683
-0.002549108187022959 27.774419446153544
-0.0024626977400052314 27.77441944615382
-0.0023762872929875044 38.18982673846112
-0.0022898768459697766 55.548838892307366
-0.002203466398952049 64.80697870769193
-0.002117055951934322 63.649711230768844
-0.0020306455049165944 62.49244375384578
-0.001944235057898867 82.16599086153798
-0.0018578246108811396 83.32325833846103
-0.0017714141638634122 98.36773553846095
-0.0016850037168456848 91.42413067692253
-0.0015985932698279574 131.92849236922999
-0.00151218282281023 138.8720972307684
-0.0014257723757925026 165.489249199999
-0.0013393619287747753 178.21919144615276
-0.0012529514817570479 190.94913369230656
-0.0011665410347393205 238.39710024615243
-0.001080130587721593 222.19535556922946
-0.0009937201407038657 248.81250753846007
-0.0009073096936861383 245.34070510768962
-0.0008208992466684105 271.95785707692147
-0.0007344887996506831 276.58692698461374
-0.0006480783526329557 299.7322765230751
-0.0005616679056152283 314.77675372307505
-0.0004752574585975009 351.8093129846151
-0.0003888470115797739 386.5273372923034
-0.0003024365645620461 344.86570812307315
-0.00021602611754431827 329.8212309230766
-0.0001296156705265913 356.43838289230376
-4.320522350886348e-05 380.74099990769196
4.320522350886348e-05 394.6282096307649
0.0001296156705265913 352.9665804615381
0.00021602611754431827 321.72035858461186
0.0003024365645620461 359.9101853230766
0.00038884701157977306 340.2366382153809
0.0004752574585975009 350.652045507692
0.0005616679056152278 278.90146193845845
0.0006480783526329557 317.0912886769228
0.0007344887996506826 296.26047409230443
0.0008208992466684105 253.44157744615362
0.0009073096936861374 283.5305318461507
0.0009937201407038652 225.66715799999977
0.0010801305877215922 204.83634341538237
0.00116654103473932 207.1508783692285
0.0012529514817570479 182.848261353846
0.0013393619287747748 157.38837686153673
0.0014257723757925026 144.6584346153845
0.0015121828228102296 138.8720972307677
0.0015985932698279574 102.99680544615376
0.0016850037168456844 126.142154984614
0.0017714141638634122 92.58139815384607
0.0018578246108811392 86.7950607692298
0.001944235057898867 85.6377932923076
0.002030645504916594 60.17790879999934
0.002117055951934322 50.91976898461534
0.0022034663989520488 35.87529178461499
0.0022898768459697766 35.87529178461535
0.0023762872929875035 35.87529178461499
0.0024626977400052314 30.08895439999997
0.0025491081870229583 23.145349538461286
0.002635518634040686 27.774419446153544
0.002721929081058414 10.415407292307682
0.002808339528076141 11.572674769230643
0.0028947499750938688 11.572674769230758
0.0029811604221115957 16.2017446769229
0.0030675708691293236 9.258139815384606
0.0031539813161470505 5.786337384615321
0.0032403917631647784 2.3145349538461515
0.0033268022101825053 3.471802430769193
0.003413212657200233 1.1572674769230757
0.00349962310421796 2.3145349538461515
0.003586033551235687 0.0
0.0036724439982534158 2.3145349538461515
0.0037588544452711427 2.3145349538461515
0.0038452648922888697 1.1572674769230524
0.003931675339306598 0.0
0.004018085786324325 1.1572674769230757
0.004104496233342052 0.0
0.004190906680359779 0.0
0.004277317127377508 1.1572674769230757
0.004363727574395235 
