-0.02410917132009466 0.4189277128568008
-0.02363176198702348 0.0
-0.023154352653952298 0.0
-0.02267694332088112 0.0
-0.022199533987809935 0.0
-0.021722124654738755 0.0
-0.021244715321667572 0.2094638564284004
-0.020767305988596392 0.0
-0.02028989665552521 0.0
-0.01981248732245403 0.20946385642839888
-0.019335077989382846 0.0
-0.018857668656311666 0.2094638564284004
-0.018380259323240486 0.20946385642839888
-0.017902849990169303 0.4189277128568008
-0.017425440657098123 0.6283915692851966
-0.01694803132402694 0.6283915692852012
-0.01647062199095576 1.0473192821420019
-0.01599321265788458 1.2567831385703931
-0.015515803324813397 1.047319282141998
-0.015038393991742215 1.256783138570398
-0.014560984658671033 2.513566277140796
-0.014083575325599852 2.7230301335691953
-0.01360616599252867 5.027132554281592
-0.013128756659457489 4.189277128567992
-0.012651347326386307 5.027132554281592
-0.012173937993315126 6.702843405708789
-0.011696528660243944 9.84480125213482
-0.011219119327172764 8.588018113564386
-0.010741709994101583 11.31104824713358
-0.010264300661030401 12.986759098560778
-0.00978689132795922 17.80442779641397
-0.009309481994888038 19.899066360697965
-0.008832072661816856 19.689602504269565
-0.008354663328745675 25.34512662783645
-0.007877253995674495 24.92619891497947
-0.007399844662603312 31.419578464260063
-0.006922435329532132 33.51421702854382
-0.0064450259964609485 36.23724716211327
-0.005967616663389769 41.89277128567977
-0.005490207330318585 50.6902532556729
-0.005012797997247406 47.12936769638975
-0.004535388664176222 51.9470363942433
-0.0040579793311050424 63.04862078494852
-0.0035805699980338626 57.39309666138129
-0.0031031606649626793 65.98111477494612
-0.0026257513318914995 70.58931961637043
-0.002148341998820316 72.89342203708334
-0.0016709326657491363 67.86628948280124
-0.001193523332677953 69.54200033422893
-0.0007161139996067732 69.75146419065683
-0.00023870466653558992 73.94074131922534
0.00023870466653558992 79.59626544279158
0.0007161139996067732 71.63663889851294
0.001193523332677953 69.75146419065733
0.0016709326657491329 68.07575333922964
0.002148341998820316 70.79878347279933
0.002625751331891496 70.58931961637043
0.0031031606649626793 57.60256051781011
0.003580569998033859 55.2984580970973
0.0040579793311050424 51.9470363942433
0.004535388664176222 45.24419298853415
0.005012797997247406 46.50097612710489
0.005490207330318585 41.26437971639458
0.005967616663389769 40.84545200353808
0.0064450259964609485 27.23030133569205
0.006922435329532128 30.162795325689437
0.007399844662603312 32.67636160283046
0.007877253995674491 21.78424106855364
0.008354663328745671 21.784241068553325
0.008832072661816858 20.10853021712644
0.009309481994888038 15.50032537570163
0.009786891327959218 12.358367529275624
0.010264300661030398 10.682656677848264
0.010741709994101584 8.797481969992816
0.011219119327172764 7.331234974994014
0.011696528660243944 5.655524123566811
0.012173937993315124 4.1892771285680075
0.012651347326386304 4.398740984996344
0.01312875665945749 3.3514217028544064
0.01360616599252867 2.3041024207124043
0.01408357532559985 2.3041024207124043
0.01456098465867103 2.0946385642839735
0.015038393991742217 0.4189277128568008
0.015515803324813397 0.8378554257136016
0.015993212657884576 0.6283915692852012
0.016470621990955756 0.8378554257136016
0.016948031324026936 0.20946385642839738
0.017425440657098123 0.4189277128568008
0.017902849990169303 0.2094638564284004
0.018380259323240482 0.4189277128568008
0.018857668656311662 0.0
0.01933507798938285 0.4189277128568008
0.01981248732245403 0.2094638564284004
0.02028989665552521 0.0
0.02076730598859639 0.0
0.021244715321667575 0.0
0.021722124654738755 0.0
0.022199533987809935 0.2094638564284004
0.022676943320881115 0.0
0.023154352653952295 0.0
0.02363176198702348 0.0
0.02410917132009466 
