-0.05058779284264636 0.09982645449086983
-0.04958605437051475 0.09982645449087052
-0.04858431589838314 0.0
-0.04758257742625153 0.0
-0.046580838954119914 0.19965290898174104
-0.04557910048198831 0.0
-0.044577362009856694 0.09982645449086983
-0.04357562353772508 0.09982645449087052
-0.042573885065593474 0.09982645449086983
-0.04157214659346186 0.29947936347261156
-0.040570408121330254 0.19965290898173965
-0.03956866964919864 0.5989587269452189
-0.038566931177067026 0.7986116359269586
-0.03756519270493541 0.6987851814360936
-0.036563454232803806 0.7986116359269586
-0.03556171576067219 1.0980909993995758
-0.034559977288540586 0.8984380904178284
-0.03355823881640897 1.7968761808356568
-0.03255650034427736 1.3975703628721776
-0.031554761872145745 1.2977439083813167
-0.03055302340001414 1.8967026353265268
-0.029551284927882525 3.0946200892169755
-0.028549546455750915 4.991322724543509
-0.027547807983619305 2.695314271253485
-0.02654606951148769 4.791669815561768
-0.02554433103935608 4.691843361070898
-0.02454259256722447 4.492190452089158
-0.02354085409509286 7.287331177833497
-0.022539115622961247 5.59028145148873
-0.021537377150829637 7.087678268851782
-0.020535638678698027 6.888025359870017
-0.019533900206566413 9.483513176632666
-0.018532161734434803 11.380215811959161
-0.01753042326230319 14.474835901176226
-0.016528684790171583 14.973968173630475
-0.01552694631803997 15.872406264048303
-0.014525207845908356 16.77084435446625
-0.013523469373776749 19.46615862571962
-0.012521730901645135 19.66581153470136
-0.011519992429513522 23.259563896372832
-0.010518253957381915 22.161472896973102
-0.009516515485250301 21.36286126104614
-0.008514777013118688 24.95661362271763
-0.007513038540987081 28.849845347861383
-0.006511300068855468 28.550365984388772
-0.005509561596723854 27.651927893971134
-0.004507823124592247 28.65019243887964
-0.0035060846524606337 27.452274984989206
-0.00250434618032902 31.046027346660733
-0.0015026077081974135 30.84637443767878
-0.0005008692360657999 32.54342416402379
0.0005008692360658068 30.4470686197153
0.0015026077081974204 32.54342416402356
0.002504346180329034 29.54863052929767
0.0035060846524606407 30.34724216522443
0.004507823124592254 28.250886620916166
0.005509561596723868 28.849845347861578
0.0065113000688554745 26.553836894571372
0.007513038540987088 25.755225258644415
0.008514777013118702 25.25609298619024
0.009516515485250308 24.25782844128137
0.010518253957381922 20.763902534100925
0.011519992429513536 17.17015017242973
0.012521730901645142 19.26650571673788
0.013523469373776756 17.17015017242961
0.01452520784590837 14.275182992194386
0.015526946318039983 11.979174538904545
0.016528684790171583 11.87934808441351
0.017530423262303196 11.080736448486551
0.01853216173443481 9.982645449086982
0.019533900206566424 9.283860267650894
0.020535638678698037 8.385422177233066
0.02153737715082965 9.283860267651022
0.02253911562296125 6.688372450888279
0.023540854095092864 5.7899343604704505
0.024542592567224478 4.292537543107403
0.02554433103935609 3.6935788161621836
0.026546069511487705 2.3958349077808756
0.02754780798361932 3.194446543707879
0.028549546455750918 2.695314271253485
0.029551284927882532 1.4973968173630474
0.030553023400014145 2.695314271253485
0.03155476187214576 1.6970497263447872
0.03255650034427737 1.0980909993995682
0.033558238816408986 1.2977439083813256
0.034559977288540586 1.1979174538904378
0.0355617157606722 0.9982645449086984
0.03656345423280381 0.5989587269452189
0.03756519270493543 0.4991322724543492
0.03856693117706704 0.4991322724543492
0.039568669649198654 0.29947936347261367
0.040570408121330254 0.29947936347260945
0.04157214659346187 0.4991322724543492
0.04257388506559348 0.09982645449086983
0.043575623537725094 0.19965290898173965
0.04457736200985671 0.0
0.04557910048198832 0.09982645449087121
0.04658083895411992 0.0
0.047582577426251535 0.09982645449086983
0.04858431589838315 0.0
0.04958605437051476 0.0
0.05058779284264636 
