-0.004574031694368455 2.2081176246406717
-0.004483456809331456 0.0
-0.004392881924294457 1.1040588123203254
-0.0043023070392574575 2.2081176246406717
-0.004211732154220459 1.1040588123203359
-0.00412115726918346 1.1040588123203359
-0.004030582384146461 3.312176436961008
-0.003940007499109462 1.1040588123203305
-0.0038494326140724624 3.312176436960992
-0.003758857729035463 5.520294061601679
-0.003668282843998464 6.624352873922016
-0.003577707958961465 3.312176436960992
-0.003487133073924466 3.312176436960992
-0.0033965581888874665 7.728411686242351
-0.0033059833038504675 2.2081176246406717
-0.0032154084188134686 7.728411686242351
-0.0031248335337764697 9.936529310882975
-0.0030342586487394703 9.936529310882975
-0.002943683763702471 18.76899980944571
-0.002853108878665472 22.081176246406717
-0.002762533993628473 24.289293871047388
-0.002671959108591474 29.809587932648924
-0.0025813842235544748 25.393352683367727
-0.002490809338517476 48.57858774209454
-0.0024002344534804765 55.20294061601679
-0.0023096595684434775 50.786705366735205
-0.002219084683406478 52.994822991376125
-0.0021285097983694793 80.59629329938451
-0.0020379349133324803 88.32470498562645
-0.001947360028295481 71.76382280082183
-0.001856785143258482 131.38299866611933
-0.0017662102582214827 113.7180576689946
-0.0016756353731844837 140.21546916468264
-0.0015850604881474848 139.11141035236164
-0.0014944856031104854 164.50476303573004
-0.0014039107180734865 149.04793966324462
-0.0013133358330364871 187.68999809445708
-0.0012227609479994882 183.27376284517575
-0.0011321860629624893 228.54017415030842
-0.00104161117792549 236.26858583655186
-0.000951036292888491 226.33205652566775
-0.0008604614078514916 256.1416444583179
-0.0007698865228144927 322.38517319753805
-0.0006793116377774937 264.97411495687936
-0.0005887367527404944 277.11876189240434
-0.0004981618677034954 321.28111438521773
-0.0004075869826664965 355.50693756714475
-0.0003170120976294967 304.7202322004127
-0.00022643721259249776 301.4080557634517
-0.00013586232755549883 334.5298201330618
-4.52874425184999e-05 319.07299676057704
4.528744251849903e-05 327.90546725913657
0.00013586232755549883 310.2405262620144
0.00022643721259249776 347.7785258809058
0.0003170120976294967 324.59329082217874
0.00040758698266649563 319.07299676057704
0.0004981618677034946 289.2634088279252
0.0005887367527404944 301.4080557634517
0.0006793116377774933 291.4715264525687
0.0007698865228144922 287.0552912032873
0.0008604614078514912 247.30917395975524
0.0009510362928884901 223.01988008870572
0.00104161117792549 213.08335077782482
0.0011321860629624888 189.89811571909775
0.0012227609479994878 207.56305671622314
0.0013133358330364867 167.81693947269105
0.0014039107180734856 161.1925865987675
0.0014944856031104854 144.631704413964
0.0015850604881474844 134.69517510308097
0.0016756353731844833 119.23835173059628
0.0017662102582214822 113.7180576689946
0.0018567851432584812 101.57341073346993
0.001947360028295481 79.49223448706418
0.00203793491333248 78.38817567474385
0.002128509798369479 76.18005805010317
0.0022190846834064777 56.30699942833713
0.0023096595684434767 47.47452892977399
0.0024002344534804765 41.95423486817276
0.0024908093385174754 38.64205843121175
0.0025813842235544743 38.64205843121175
0.0026719591085914733 28.70552912032873
0.002762533993628472 40.85017605585203
0.002853108878665472 15.456823372484703
0.002943683763702471 17.664940997125374
0.00303425864873947 6.624352873922016
0.003124833533776469 13.248705747844031
0.0032154084188134677 6.624352873922016
0.0033059833038504667 6.624352873921952
0.0033965581888874665 9.936529310882927
0.0034871330739244663 3.3121764369610394
0.0035777079589614643 3.312176436960976
0.003668282843998464 3.3121764369610394
0.003758857729035462 2.208117624640651
0.003849432614072462 2.208117624640651
0.003940007499109462 1.1040588123203465
0.00403058238414646 1.1040588123203254
0.00412115726918346 0.0
0.004211732154220458 1.1040588123203254
0.0043023070392574575 0.0
0.004392881924294457 0.0
0.004483456809331455 0.0
0.004574031694368455 
