-0.012894888891462356 0.3916280351468232
-0.012639544556977952 0.0
-0.01238420022249355 0.0
-0.012128855888009146 0.0
-0.011873511553524743 0.3916280351468232
-0.01161816721904034 0.0
-0.011362822884555937 0.3916280351468232
-0.011107478550071534 0.0
-0.010852134215587131 0.3916280351468232
-0.010596789881102728 0.0
-0.010341445546618325 0.7832560702936464
-0.010086101212133922 0.3916280351468232
-0.009830756877649519 1.1748841054404697
-0.009575412543165115 0.3916280351468232
-0.009320068208680712 1.1748841054404697
-0.00906472387419631 1.5665121405872928
-0.008809379539711906 0.7832560702936464
-0.008554035205227503 4.307908386615056
-0.0082986908707431 1.1748841054404697
-0.008043346536258697 4.307908386615056
-0.007788002201774294 4.307908386615056
-0.007532657867289891 5.874420527202348
-0.007277313532805488 8.615816773230112
-0.007021969198321085 5.874420527202348
-0.006766624863836682 10.96558498411105
-0.0065112805293522785 14.098609265285637
-0.0062559361948678754 10.573956948964227
-0.006000591860383472 18.406517651900693
-0.005745247525899069 20.364657827634808
-0.005489903191414666 21.539541933075277
-0.005234558856930263 26.63070638998398
-0.00497921452244586 35.24652316321409
-0.004723870187961457 37.20466333894821
-0.004468525853477054 46.60373618247196
-0.004213181518992651 52.08652867452749
-0.003957837184508248 66.57676597495995
-0.0037024928500238447 67.75165008040042
-0.0034471485155394416 74.40932667789642
-0.0031918041810550385 66.96839401010678
-0.0029364598465706354 89.68282004862252
-0.0026811155120862323 94.77398450553123
-0.0024257711776018293 99.47352092729311
-0.002170426843117426 110.04747787625733
-0.001915082508633023 111.61399001684464
-0.00165973817414862 117.48841054404697
-0.001404393839664217 124.53771517668979
-0.0011490495051798139 124.92934321183662
-0.0008937051706954108 139.41958051226908
-0.0006383608362110077 134.32841605536038
-0.0003830165017266046 139.81120854741587
-0.00012767216724220154 142.55260479344366
0.00012767216724220154 126.4958553524239
0.0003830165017266046 134.7200440905072
0.0006383608362110077 134.7200440905072
0.0008937051706954108 131.97864784447944
0.0011490495051798139 122.9712030361025
0.001404393839664217 113.57213019257874
0.00165973817414862 111.2223619816978
0.001915082508633023 102.6065452084677
0.002170426843117426 95.9488686109717
0.0024257711776018293 97.515380751559
0.0026811155120862323 85.76653969715429
0.0029364598465706354 81.45863131053923
0.0031918041810550385 69.70979025613454
0.0034471485155394416 64.61862579922584
0.0037024928500238447 59.919089377463955
0.003957837184508248 52.86978474482114
0.004213181518992651 47.386992252765616
0.004468525853477054 42.68745583100374
0.004723870187961457 28.197218530571273
0.00497921452244586 32.11349888203951
0.005234558856930263 24.28093817910304
0.005489903191414666 14.490237300432458
0.005745247525899069 19.581401757341162
0.006000591860383472 14.490237300432458
0.0062559361948678754 7.832560702936465
0.0065112805293522785 7.832560702936465
0.006766624863836682 9.007444808376935
0.007021969198321085 9.790700878670581
0.007277313532805488 4.699536421761879
0.007532657867289891 6.266048562349171
0.007788002201774294 5.091164456908702
0.008043346536258697 2.3497682108809395
0.0082986908707431 2.3497682108809395
0.008554035205227503 2.3497682108809395
0.008809379539711906 1.5665121405872928
0.00906472387419631 2.3497682108809395
0.009320068208680712 1.9581401757341161
0.009575412543165115 0.7832560702936464
0.009830756877649519 0.3916280351468232
0.010086101212133922 0.3916280351468232
0.010341445546618325 0.3916280351468232
0.010596789881102728 0.7832560702936464
0.010852134215587131 0.3916280351468232
0.011107478550071534 0.0
0.011362822884555937 0.0
0.01161816721904034 0.0
0.011873511553524743 0.0
0.012128855888009146 0.0
0.01238420022249355 0.0
0.012639544556977952 0.0
0.012894888891462356 
