-0.0061053594538842655 0.0
-0.005984461246876656 0.0
-0.005863563039869047 0.0
-0.0057426648328614376 0.0
-0.005621766625853829 0.0
-0.00550086841884622 0.8271421262161978
-0.00537997021183861 0.0
-0.005259072004831001 0.8271421262161978
-0.005138173797823392 1.6542842524323955
-0.0050172755908157824 2.4814263786485933
-0.004896377383808173 0.8271421262162038
-0.004775479176800565 1.6542842524323838
-0.0046545809697929545 0.0
-0.004533682762785346 2.4814263786485933
-0.004412784555777737 3.308568504864791
-0.004291886348770127 2.4814263786485933
-0.004170988141762518 3.308568504864791
-0.004050089934754909 4.135710631080989
-0.003929191727747299 4.962852757297204
-0.0038082935207396904 7.44427913594578
-0.003687395313732081 9.925705514594373
-0.0035664971067244718 12.40713189324301
-0.003445598899716863 18.19712677675635
-0.0033247006927092536 16.542842524323955
-0.0032038024857016442 22.33283740783734
-0.003082904278694035 31.431400796215517
-0.0029620060716864256 34.73996930108043
-0.0028411078646788167 42.184248437026085
-0.0027202096576712073 44.66567481567468
-0.002599311450663598 51.282811825404444
-0.002478413243655989 54.59138033026905
-0.0023575150366483798 83.54135474783598
-0.0022366168296407704 95.12134451486274
-0.002115718622633161 101.73848152459233
-0.001994820415625552 109.1827606605381
-0.0018739222086179425 119.93560830134868
-0.0017530240016103331 148.88558271891665
-0.0016321257946027247 138.95987720432123
-0.0015112275875951153 172.87270437918534
-0.001390329380587506 179.48984138891493
-0.0012694311735798967 194.37839966080648
-0.0011485329665722873 201.82267879675223
-0.001027634759564678 217.53837919486003
-0.0009067365525570687 211.74838431134816
-0.0007858383455494602 258.8954855056699
-0.0006649401385418509 250.6240642435079
-0.0005440419315342416 254.75977487458889
-0.0004231437245266322 272.12975952512903
-0.0003022455175190229 301.079733942696
-0.00018134731051141356 278.74689653485865
-6.044910350380423e-05 280.401180787291
6.04491035038051e-05 301.079733942696
0.00018134731051141443 288.67260204945507
0.0003022455175190229 280.401180787291
0.0004231437245266322 261.3769118843185
0.0005440419315342416 265.51262251539947
0.0006649401385418509 244.0069272337783
0.0007858383455494602 256.4140591270213
0.0009067365525570695 231.59979534053537
0.0010276347595646789 202.64982092296992
0.0011485329665722873 192.72411540837408
0.0012694311735798967 160.46557248594237
0.001390329380587506 172.04556225296912
0.0015112275875951153 153.02129334999657
0.0016321257946027247 143.09558783540322
0.0017530240016103331 106.70133428188875
0.0018739222086179433 124.07131893243056
0.001994820415625552 86.02278112648395
0.002115718622633162 82.71421262162036
0.0022366168296407704 74.44279135945727
0.0023575150366483806 61.20851733999908
0.002478413243655989 46.31995906810674
0.0025993114506635993 48.80138544675602
0.0027202096576712078 42.18424843702639
0.0028411078646788162 35.56711142729625
0.0029620060716864264 33.085685048648145
0.003082904278694035 31.43140079621529
0.003203802485701645 20.67855315540509
0.0033247006927092536 13.23427401945907
0.0034455988997168637 11.579989767026852
0.003566497106724472 12.407131893243056
0.0036873953137320807 9.09856338837811
0.003808293520739691 9.09856338837824
0.003929191727747299 4.1357106310809595
0.0040500899347549095 5.789994883513426
0.004170988141762518 3.3085685048647675
0.004291886348770128 1.6542842524324075
0.004412784555777737 2.481426378648611
0.004533682762785345 1.6542842524323838
0.004654580969792955 1.6542842524324075
0.004775479176800564 0.8271421262161919
0.004896377383808174 0.8271421262162038
0.0050172755908157824 0.0
0.005138173797823393 0.0
0.005259072004831001 0.0
0.005379970211838611 0.0
0.00550086841884622 0.0
0.005621766625853828 0.0
0.005742664832861438 0.0
0.005863563039869047 0.0
0.005984461246876657 0.8271421262162038
0.0061053594538842655 
