-0.04813654616247273 0.1049098949258841
-0.04718334722856238 0.0
-0.04623014829465203 0.0
-0.045276949360741676 0.20981978985176974
-0.04432375042683133 0.0
-0.043370551492920975 0.3147296847776546
-0.04241735255901063 0.1049098949258841
-0.041464153625100274 0.20981978985176974
-0.04051095469118993 0.2098197898517682
-0.03955775575727957 0.1049098949258841
-0.03860455682336922 0.3147296847776546
-0.03765135788945887 0.4196395797035364
-0.03669815895554852 0.3147296847776546
-0.03574496002163817 0.7343692644811888
-0.034791761087727816 0.5245494746294206
-0.03383856215381746 0.9441890543329639
-0.032885363219907114 0.9441890543329639
-0.03193216428599677 1.3638286340364933
-0.030978965352086413 1.6785583188141517
-0.030025766418176062 2.09819789851769
-0.02907256748426571 3.0423869528506393
-0.028119368550355357 1.6785583188141517
-0.027166169616445007 1.5736484238882673
-0.026212970682534656 3.881666112257726
-0.025259771748624305 4.6160353767389175
-0.024306572814713955 6.189683800627185
-0.023353373880803604 5.350404641220109
-0.022400174946893253 5.35040464122009
-0.0214469760129829 6.189683800627185
-0.02049377707907255 8.078061909293105
-0.019540578145162198 8.70752127884841
-0.018587379211251847 11.22535875706964
-0.017634180277341496 13.323556655587282
-0.016680981343431142 12.06463791647676
-0.015727782409520795 14.477565499772007
-0.01477458347561044 15.841394133808615
-0.013821384541700094 16.78558318814146
-0.01286818560778974 18.98869098158516
-0.011914986673879392 20.66724930039917
-0.010961787739969038 26.54220341624887
-0.01000858880605869 23.289996673546273
-0.009055389872148337 25.0734648872863
-0.008102190938237983 26.856933101026527
-0.007148992004327635 28.11585184013694
-0.006195793070417281 29.26986068432188
-0.005242594136506934 30.633689318358158
-0.00428939520259658 32.941707006727846
-0.0033361962686862326 32.417157532098194
-0.0023829973347758784 33.36134658643115
-0.0014297984008655243 32.52206742702431
-0.0004765994669551771 30.004229948802852
0.0004765994669551771 29.58459036909953
0.0014297984008655243 33.25643669150526
0.0023829973347758784 30.004229948803072
0.0033361962686862257 33.25643669150526
0.00428939520259658 31.787698162542885
0.005242594136506934 31.787698162543116
0.006195793070417281 26.961842995952214
0.007148992004327635 28.4305815249148
0.008102190938237983 25.702924256841605
0.009055389872148337 22.660537303991134
0.010008588806058684 21.716348249658008
0.010961787739969038 21.926168039509935
0.011914986673879385 20.037789930843864
0.01286818560778974 17.8346821374003
0.013821384541700094 14.477565499772007
0.014774583475610448 15.211934764253416
0.015727782409520788 13.428466550513164
0.016680981343431142 13.953016025142587
0.017634180277341496 9.651710333181336
0.01858737921125185 9.546800438255593
0.01954057814516219 8.287881699144844
0.020493777079072545 6.609323380330698
0.0214469760129829 6.084773905701279
0.022400174946893253 5.560224431071857
0.023353373880803607 5.245494746294281
0.024306572814713948 3.147296847776523
0.025259771748624302 4.511125481813017
0.026212970682534656 3.9865760071835963
0.02716616961644501 3.35711663762834
0.02811936855035535 1.7834682137400297
0.029072567484265704 1.5736484238882615
0.03002576641817606 0.944189054332957
0.030978965352086413 1.3638286340364933
0.03193216428599677 0.4196395797035425
0.03288536321990711 0.8392791594070728
0.03383856215381746 1.2589187391106091
0.034791761087727816 0.6294593695553046
0.03574496002163817 0.8392791594070728
0.036698158955548524 0.6294593695553138
0.037651357889458864 0.1049098949258841
0.03860455682336922 0.5245494746294206
0.03955775575727957 0.2098197898517682
0.04051095469118993 0.10490989492588562
0.04146415362510027 0.0
0.04241735255901062 0.0
0.043370551492920975 0.2098197898517682
0.04432375042683133 0.0
0.04527694936074168 0.0
0.046230148294652024 0.0
0.04718334722856238 0.0
0.04813654616247273 
