-0.0036505980170469456 2.766669995665571
-0.0035783089474024517 0.0
-0.0035060198777579574 1.3833349978327856
-0.0034337308081134636 4.150004993498357
-0.0033614417384689697 2.766669995665571
-0.003289152668824476 1.3833349978327776
-0.0032168635991799816 1.3833349978327856
-0.0031445745295354877 0.0
-0.003072285459890994 4.1500049934983325
-0.0029999963902464996 6.91667498916393
-0.0029277073206020058 9.6833449848295
-0.002855418250957512 11.066679982662285
-0.002783129181313018 9.683344984829441
-0.0027108401116685238 16.60001997399343
-0.00263855104202403 17.983354971826213
-0.002566261972379536 16.60001997399333
-0.0024939729027350418 24.900029960990143
-0.002421683833090548 30.433369952321286
-0.002349394763446054 23.516694963157356
-0.0022771056938015602 31.816704950154072
-0.0022048166241570664 29.050034954488325
-0.002132527554512572 62.250074902475355
-0.0020602384848680782 45.65005492848165
-0.001987949415223584 56.71673491114421
-0.00191566034557909 74.70008988297043
-0.0018433712759345963 85.76676986563247
-0.0017710822062901022 116.200139817954
-0.0016987931366456083 91.30010985696359
-0.0016265040670011143 99.60011984396057
-0.0015542149973566204 142.48350477677693
-0.0014819259277121266 150.78351476377276
-0.0014096368580676323 174.300209726931
-0.0013373477884231384 154.933519757272
-0.0012650587187786446 189.51689470309051
-0.0011927696491341503 199.20023968792114
-0.0011204805794896564 226.86693964457683
-0.0010481915098451626 229.63360964024244
-0.0009759024402006687 276.6669995665555
-0.0009036133705561744 273.9003295708916
-0.0008313243009116806 290.500349544885
-0.0007590352312671867 314.01704450804044
-0.0006867461616226925 340.3004094668653
-0.0006144570919781986 332.0003994798686
-0.0005421680223337048 348.600419453862
-0.0004698789526892109 362.43376943218766
-0.0003975898830447166 392.8671393845112
-0.00032530081340022277 372.11711441701937
-0.0002530117437557289 343.0670794625288
-0.00018072267411123463 392.8671393845112
-0.00010843360446674078 379.0337894061833
-3.6144534822246926e-05 327.8503944863702
3.6144534822246926e-05 376.2671194105155
0.00010843360446674121 370.7337794191866
0.00018072267411123506 399.78381437367506
0.0002530117437557289 369.35044442135154
0.0003253008134002232 372.11711441701937
0.00039758988304471705 383.18379439968163
0.0004698789526892109 340.3004094668653
0.0005421680223337048 327.8503944863702
0.0006144570919781986 304.33369952321283
0.0006867461616226925 290.50034954488154
0.0007590352312671872 280.81700456005547
0.000831324300911681 289.11701454705224
0.0009036133705561749 242.0836246207375
0.0009759024402006687 240.70028962290473
0.0010481915098451626 208.88358467275066
0.0011204805794896564 181.21688471609494
0.0011927696491341503 213.03358966624643
0.001265058718778645 167.38353473776706
0.0013373477884231389 172.91687472909823
0.0014096368580676327 125.88348480278351
0.0014819259277121266 121.73347980928514
0.0015542149973566204 152.16684976160641
0.0016265040670011143 109.28346482879007
0.0016987931366456081 113.43346982228707
0.0017710822062901028 73.31675488513764
0.0018433712759345967 66.40007989597372
0.0019156603455790905 60.86673990464257
0.0019879494152235844 51.183394919813075
0.0020602384848680782 60.86673990464257
0.002132527554512572 52.56672991764586
0.002204816624157066 42.883384932815844
0.0022771056938015607 31.816704950154072
0.0023493947634460545 23.516694963157356
0.0024216838330905484 22.13335996532457
0.002493972902735042 19.366689969659
0.002566261972379536 13.83334997832786
0.00263855104202403 6.91667498916393
0.0027108401116685238 8.300009986996614
0.0027831291813130185 5.533339991331142
0.0028554182509575123 11.066679982662285
0.002927707320602006 6.91667498916393
0.0029999963902465 4.150004993498357
0.003072285459890994 4.150004993498357
0.0031445745295354877 8.300009986996715
0.0032168635991799816 2.7666699956655383
0.0032891526688244763 1.3833349978327856
0.00336144173846897 2.766669995665571
0.003433730808113464 2.766669995665571
0.003506019877757958 1.3833349978327856
0.0035783089474024517 2.766669995665571
0.0036505980170469456 
