-0.008091217916963147 0.0
-0.00793099577999358 0.0
-0.007770773643024012 0.0
-0.007610551506054446 0.0
-0.0074503293690848784 0.0
-0.007290107232115311 0.0
-0.007129885095145744 0.0
-0.006969662958176176 0.6241334805002291
-0.00680944082120661 0.0
-0.006649218684237042 0.6241334805002257
-0.006488996547267475 1.2482669610004513
-0.006328774410297907 0.0
-0.00616855227332834 1.872400441500677
-0.0060083301363587725 1.2482669610004513
-0.005848107999389205 2.4965339220009164
-0.0056878858624196385 2.4965339220009026
-0.005527663725450071 2.4965339220009026
-0.005367441588480504 4.368934363501603
-0.005207219451510937 4.993067844001805
-0.00504699731454137 4.993067844001805
-0.004886775177571802 8.73786872700316
-0.004726553040602235 7.489601766002708
-0.004566330903632667 11.234402649004062
-0.0044061087666631 15.603337012505643
-0.0042458866296935325 18.72400441500687
-0.004085664492723966 23.09293877850835
-0.0039254423557543985 28.086006622510155
-0.003765220218784831 25.58947270050925
-0.0036049980818152636 33.07907446651196
-0.0034447759448456962 38.6962757910142
-0.0032845538078761297 53.05134584251918
-0.0031243316709065622 59.29268064752144
-0.002964109533936995 59.91681412802166
-0.0028038873969674274 72.39948373802618
-0.00264366525999786 75.52015114052772
-0.0024834431230282934 101.10962384103657
-0.002323220986058726 102.357890802037
-0.0021629988490891585 99.23722339953588
-0.002002776712119591 133.5645648270483
-0.0018425545751500237 137.93349919055063
-0.0016823324381804571 136.68523222954943
-0.0015221103012108897 165.39537233255982
-0.0013618881642413223 185.36764370856702
-0.0012016660272717548 187.2400441500677
-0.0010414438903021874 185.36764370856702
-0.00088122175333262 197.2261798380724
-0.0007209996163630534 197.85031331857155
-0.000560777479393486 206.58818204557468
-0.00040055534242391857 233.42592170708565
-0.000240333205454352 205.33991508457424
-8.011106848478458e-05 228.43285386308258
8.011106848478285e-05 237.79485607058598
0.00024033320545435027 227.18458690208215
0.0004005553424239177 202.21924768207313
0.0005607774793934851 200.97098072107266
0.0007209996163630526 210.9571164090763
0.00088122175333262 189.1124445915684
0.0010414438903021874 166.64363929356026
0.0012016660272717548 157.28163708605857
0.0013618881642413205 167.2677727740605
0.001522110301210888 127.94736350254627
0.0016823324381804554 121.70602869754401
0.0018425545751500228 104.85442472403791
0.0020027767121195902 97.98895643853542
0.0021629988490891577 121.70602869754401
0.002323220986058725 99.86135688003611
0.0024834431230282925 86.75455378953137
0.00264366525999786 56.796146725520536
0.0028038873969674274 62.41334805002257
0.002964109533936995 59.29268064752208
0.0031243316709065605 46.1858775570167
0.003284553807876128 44.31347711551602
0.0034447759448456954 36.19974186901309
0.0036049980818152628 28.710140103010378
0.00376522021878483 27.46187314200993
0.003925442355754398 24.3412057395088
0.004085664492723965 12.482669610004514
0.0042458866296935325 9.362002207503386
0.0044061087666631 10.610269168503837
0.004566330903632667 6.2413348050023245
0.004726553040602233 8.113735246502934
0.0048867751775718005 6.865468285502483
0.005046997314541368 4.36893436350158
0.005207219451510935 3.1206674025011285
0.005367441588480503 5.617201324502031
0.00552766372545007 3.744800883001354
0.005687885862419638 0.6241334805002257
0.005848107999389205 0.0
0.0060083301363587725 0.6241334805002257
0.00616855227332834 0.6241334805002257
0.006328774410297907 0.6241334805002324
0.006488996547267473 0.6241334805002257
0.00664921868423704 0.0
0.006809440821206608 0.0
0.006969662958176175 0.0
0.007129885095145743 0.0
0.00729010723211531 0.0
0.007450329369084878 0.0
0.007610551506054443 0.0
0.007770773643024012 0.0
0.007930995779993578 0.624133480500219
0.008091217916963147 
