-0.20617164397292534 0.0
-0.20208903716158028 0.0
-0.19800643035023524 0.0
-0.19392382353889018 0.0
-0.18984121672754511 0.0
-0.18575860991620005 0.0
-0.181676003104855 0.04898830802031337
-0.17759339629350995 0.024494154010156522
-0.1735107894821649 0.0
-0.16942818267081983 0.04898830802031337
-0.1653455758594748 0.048988308020313044
-0.16126296904812973 0.0
-0.15718036223678467 0.048988308020313044
-0.1530977554254396 0.024494154010156522
-0.14901514861409454 0.024494154010156685
-0.1449325418027495 0.0
-0.14084993499140444 0.17145907807109564
-0.13676732818005938 0.19595323208125348
-0.13268472136871434 0.1469649240609391
-0.12860211455736928 0.07348246203046956
-0.12451950774602422 0.2939298481218782
-0.12043690093467915 0.34291815614219245
-0.1163542941233341 0.36741231015234904
-0.11227168731198905 0.39190646416250435
-0.10818908050064399 0.612353850253913
-0.10410647368929893 0.6123538502539151
-0.10002386687795388 0.8572953903554812
-0.09594126006660883 0.7838129283250087
-0.09185865325526377 1.1267310844672
-0.0877760464439187 1.053248622436734
-0.08369343963257365 1.861555704771902
-0.0796108328212286 2.1064972448734607
-0.07552822600988354 2.0820030908633043
-0.07144561919853848 2.130991398883617
-0.06736301238719342 2.7678394031477054
-0.06328040557584838 2.865816019188313
-0.05919779876450332 4.188500335736765
-0.055115191953158255 4.28647695177742
-0.05103258514181322 4.825348340000835
-0.046949978330468156 5.486690498275061
-0.04286737151912309 6.025561886498504
-0.03878476470777803 6.123538502539129
-0.03470215789643297 7.127798816955596
-0.03061955108508793 8.205541593402433
-0.02653694427374287 7.078810508935235
-0.022454337462397805 7.936105899290767
-0.01837173065105277 8.474977287514156
-0.014289123839707707 8.352506517463373
-0.010206517028362644 8.034082515331338
-0.006123910217017581 8.891377905686817
-0.0020413034056725177 8.793401289646251
0.0020413034056725177 8.450483133504
0.006123910217017581 10.63046284040793
0.010206517028362644 8.915872059697033
0.01428912383970768 8.474977287514156
0.018371730651052742 7.862623437260242
0.022454337462397805 7.789140975229774
0.02653694427374287 7.397234511067269
0.03061955108508793 6.3439858886305815
0.03470215789643297 6.441962504671165
0.03878476470777803 6.588927428732104
0.04286737151912309 5.021301572082121
0.04694997833046813 4.776360031980489
0.05103258514181322 4.06602956568601
0.055115191953158255 3.9680529496453834
0.05919779876450329 3.7965938715742347
0.06328040557584838 2.7678394031477054
0.06736301238719342 2.9392984812187626
0.07144561919853851 2.0820030908633185
0.07552822600988354 1.8860498587820649
0.07961083282122858 1.6900966267007884
0.08369343963257367 1.2002135464976775
0.0877760464439187 1.3471784705586178
0.09185865325526374 0.7103304662945343
0.09594126006660883 0.8817895443656407
0.10002386687795387 0.9062836983757974
0.1041064736892989 0.7103304662945343
0.10818908050064399 0.6368480042640738
0.11227168731198903 0.6123538502539089
0.11635429412333412 0.1469649240609401
0.12043690093467915 0.1469649240609401
0.12451950774602419 0.26943569411171986
0.12860211455736928 0.09797661604062674
0.13268472136871431 0.1469649240609381
0.1367673281800594 0.07348246203047006
0.14084993499140444 0.024494154010156685
0.14493254180274948 0.024494154010156352
0.14901514861409457 0.024494154010156685
0.1530977554254396 0.024494154010156685
0.15718036223678464 0.0
0.16126296904812973 0.0
0.16534557585947476 0.04898830802031337
0.1694281826708198 0.0
0.1735107894821649 0.0
0.17759339629350993 0.0
0.18167600310485502 0.0
0.18575860991620005 0.0
0.1898412167275451 0.0
0.19392382353889018 0.024494154010156685
0.1980064303502352 0.024494154010156352
0.2020890371615803 0.024494154010156685
0.20617164397292534 
