-0.01349357863857993 0.0
-0.013226379061578347 0.0
-0.012959179484576764 0.0
-0.01269197990757518 0.0
-0.012424780330573598 0.37425208947620303
-0.012157580753572015 0.0
-0.011890381176570432 0.37425208947620303
-0.01162318159956885 0.3742520894762055
-0.011355982022567268 0.37425208947620064
-0.011088782445565683 0.3742520894762055
-0.010821582868564102 0.7485041789524061
-0.01055438329156252 0.37425208947620303
-0.010287183714560937 1.8712604473810153
-0.010019984137559354 0.7485041789524061
-0.00975278456055777 2.619764626333421
-0.009485584983556188 1.4970083579048121
-0.009218385406554605 1.1227562684286092
-0.008951185829553022 4.116772984238234
-0.00868398625255144 3.7425208947620305
-0.008416786675549856 4.491025073714437
-0.008149587098548274 4.8652771631906715
-0.007882387521546692 5.613781342143028
-0.007615187944545109 7.485041789524061
-0.007347988367543526 11.976066863238497
-0.007080788790541943 10.853310594809887
-0.00681358921354036 11.601814773762294
-0.006546389636538777 14.970083579048122
-0.006279190059537194 16.09283984747678
-0.006011990482535612 23.952133726476994
-0.005744790905534029 27.694654621239025
-0.0054775913285324464 28.068906710715225
-0.0052103917515308636 42.66473820028715
-0.004943192174529281 42.66473820028715
-0.004675992597527698 43.41324237923955
-0.004408793020526115 53.892300884573245
-0.004141593443524532 50.52403207928741
-0.003874393866522949 61.7515947635735
-0.0036071942895213663 66.61687192676415
-0.0033399947125197834 70.73364491100239
-0.0030727951355182005 78.21868670052643
-0.0028055955585166176 87.57498893743207
-0.0025383959815150365 97.3055432638128
-0.0022711964045134536 96.9312911743366
-0.0020039968275118707 105.91334132176547
-0.0017367972505102879 123.503189527147
-0.001469597673508705 105.53908923228926
-0.001202398096507122 111.5271226639085
-0.0009351985195055392 133.9822480324807
-0.0006679989425039563 121.25767699028978
-0.00040079936550237345 117.88940818500396
-0.00013359978850079057 121.25767699028978
0.0001335997885007923 127.99421460086144
0.0004007993655023752 121.631929079766
0.0006679989425039581 116.39239982709915
0.000935198519505541 108.53310594809889
0.0012023980965071238 116.3923998270999
0.001469597673508705 107.03609759019406
0.0017367972505102879 105.16483714281304
0.0020039968275118707 94.68577863747876
0.0022711964045134553 102.9193246059565
0.0025383959815150365 86.82648475847854
0.002805595558516621 83.83246804267003
0.0030727951355182023 72.23065326890672
0.003339994712519787 66.99112401624078
0.003607194289521368 69.23663655309802
0.003874393866522949 59.131830137239696
0.004141593443524534 59.50608222671667
0.004408793020526115 48.27851954242988
0.0046759925975276995 40.7934777529064
0.004943192174529281 34.056940142334255
0.005210391751530865 29.940167158096436
0.0054775913285324464 23.95213372647684
0.005744790905534031 29.565915068620235
0.006011990482535612 21.332369100143435
0.006279190059537197 17.589848205381656
0.006546389636538778 14.970083579048026
0.006813589213540363 12.35031895271478
0.007080788790541944 11.60181477376222
0.007347988367543528 7.485041789524109
0.0076151879445451095 7.485041789524013
0.007882387521546694 7.110789700047905
0.008149587098548275 3.7425208947620545
0.008416786675549856 3.7425208947620066
0.008683986252551441 1.497008357904822
0.008951185829553022 1.4970083579048026
0.009218385406554607 0.748504178952411
0.009485584983556188 1.8712604473810033
0.009752784560557773 0.3742520894762055
0.010019984137559354 1.1227562684286019
0.010287183714560938 0.3742520894762055
0.01055438329156252 0.7485041789524013
0.010821582868564104 0.3742520894762055
0.011088782445565685 0.37425208947620064
0.01135598202256727 0.0
0.011623181599568851 0.37425208947620064
0.011890381176570436 0.0
0.012157580753572017 0.3742520894762055
0.012424780330573598 0.0
0.012691979907575182 0.0
0.012959179484576764 0.0
0.013226379061578348 0.748504178952411
0.01349357863857993 
