-0.03330467274377881 0.0
-0.03264517427360497 0.0
-0.03198567580343113 0.0
-0.031326177333257293 0.1516303744778078
-0.030666678863083458 0.151630374477807
-0.03000718039290962 0.0
-0.029347681922735784 0.151630374477807
-0.028688183452561945 0.0
-0.028028684982388107 0.151630374477807
-0.027369186512214268 0.1516303744778078
-0.026709688042040432 0.303260748955614
-0.026050189571866594 0.4548911234334234
-0.02539069110169276 0.4548911234334209
-0.02473119263151892 0.303260748955614
-0.02407169416134508 0.9097822468668418
-0.023412195691171242 0.303260748955614
-0.022752697220997403 1.5163037447780778
-0.022093198750823568 0.758151872389035
-0.02143370028064973 1.6679341192558854
-0.020774201810475894 1.9711948682114908
-0.020114703340302055 1.9711948682114908
-0.019455204870128216 2.880977115078333
-0.018795706399954377 2.2744556171671046
-0.01813620792978054 5.610323855678889
-0.017476709459606703 3.7907593619451747
-0.016817210989432865 4.852171983289824
-0.016157712519259026 7.581518723890389
-0.01549821404908519 6.823366851501315
-0.014838715578911352 8.946192094190613
-0.014179217108737513 11.978799583746753
-0.013519718638563674 14.708146324347355
-0.012860220168389839 14.55651594986947
-0.012200721698216 16.22445006912535
-0.011541223228042161 15.163037447780779
-0.010881724757868326 23.19944729510447
-0.010222226287694487 25.625533286749384
-0.009562727817520648 26.383685159138416
-0.00890322934734681 27.44509778048321
-0.008243730877172974 26.83857628257184
-0.0075842324069991356 37.30107212154052
-0.006924733936825297 32.29726976377306
-0.0062652354666514615 40.48530998557447
-0.005605736996477623 40.333679611096656
-0.004946238526303784 42.00161373035254
-0.004286740056129945 45.640742717820146
-0.00362724158595611 49.128241330809466
-0.002967743115782271 51.09943619902096
-0.0023082446456084323 47.00541608812041
-0.001648746175434597 52.464109569321224
-0.0009892477052607582 49.8863932031985
-0.0003297492350869194 48.52171983289824
0.0003297492350869194 48.52171983289824
0.0009892477052607582 45.640742717819904
0.001648746175434597 48.370089458420935
0.002308244645608429 46.24726421573113
0.0029677431157822676 45.48911234334209
0.0036272415859561064 43.82117822408622
0.004286740056129945 41.69835298139692
0.004946238526303784 39.423897364229816
0.005605736996477623 36.391289874673674
0.0062652354666514615 32.75216088720666
0.006924733936825293 29.719553397650174
0.007584232406999132 29.567923023172362
0.008243730877172971 28.809771150783327
0.00890322934734681 22.744556171671046
0.009562727817520648 25.77716366122719
0.010222226287694487 24.412490290926925
0.010881724757868326 17.892384188381413
0.011541223228042158 15.921189320169736
0.012200721698215997 17.134232315992193
0.012860220168389835 14.10162482643605
0.013519718638563674 9.097822468668419
0.014179217108737513 11.372278085835523
0.014838715578911352 7.429888349412543
0.01549821404908519 5.458693481201109
0.016157712519259022 6.974997225979122
0.01681721098943286 5.003802357767631
0.0174767094596067 4.700541608812017
0.01813620792978054 3.3358682385117535
0.018795706399954377 3.7907593619451747
0.019455204870128216 2.426085991644912
0.020114703340302055 2.4260859916449373
0.020774201810475887 1.8195644937336837
0.021433700280649726 0.758151872389035
0.022093198750823564 0.758151872389035
0.022752697220997403 0.4548911234334209
0.023412195691171242 0.758151872389035
0.02407169416134508 0.0
0.02473119263151892 0.6065214979112343
0.02539069110169275 0.606521497911228
0.02605018957186659 0.151630374477807
0.02670968804204043 0.303260748955614
0.027369186512214268 0.4548911234334209
0.028028684982388107 0.151630374477807
0.028688183452561945 0.15163037447780858
0.029347681922735777 0.0
0.030007180392909616 0.151630374477807
0.030666678863083455 0.0
0.031326177333257293 0.151630374477807
0.03198567580343113 0.0
0.03264517427360497 0.151630374477807
0.03330467274377881 
