-0.006843905219101431 0.7378828078894774
-0.006708382343475661 0.0
-0.006572859467849889 0.0
-0.006437336592224119 0.0
-0.006301813716598347 0.0
-0.006166290840972577 0.0
-0.006030767965346805 0.7378828078894774
-0.005895245089721035 1.4757656157789547
-0.005759722214095264 0.7378828078894726
-0.005624199338469493 2.213648423668432
-0.005488676462843722 3.689414039447363
-0.005353153587217951 0.7378828078894774
-0.00521763071159218 5.165179655226341
-0.00508210783596641 5.165179655226308
-0.004946584960340638 5.165179655226341
-0.0048110620847148676 5.903062463115781
-0.004675539209089096 8.11671088678425
-0.0045400163334633255 6.640945271005297
-0.004404493457837555 8.11671088678425
-0.004268970582211784 12.544007734121035
-0.004133447706586013 9.592476502563144
-0.0039979248309602415 15.495538965679025
-0.003862401955334471 25.825898276131625
-0.0037268790797087 22.13648423668425
-0.003591356204082929 23.612249852463275
-0.0034558333284571583 29.515312315578996
-0.0033203104528313873 33.94260916291585
-0.0031847875772056163 41.3214372418106
-0.0030492647015798453 54.60332778382115
-0.0029137418259540743 63.457921478495045
-0.0027782189503283037 63.45792147849464
-0.0026426960747025323 66.40945271005296
-0.0025071731990767617 79.69134325206356
-0.002371650323450991 109.94453837553142
-0.0022361274478252197 114.371835222869
-0.002100604572199449 120.27489768598403
-0.0019650816965736777 121.75066330176375
-0.001829558820947907 125.44007734121115
-0.0016940359453221365 135.03255384377348
-0.001558513069696365 143.14926473055863
-0.0014229901940705945 167.49939739091027
-0.001287467318444823 155.69327246467972
-0.0011519444428190525 199.96624093804837
-0.001016421567193282 209.55871744061022
-0.0008808986915675105 197.75259251437993
-0.0007453758159417399 214.72389709583652
-0.0006098529403159685 229.48155325362742
-0.0004743300646901979 222.84060798262072
-0.00033880718906442644 223.5784907905116
-0.00020328431343865586 217.67542832739582
-6.776143781288529e-05 256.78321714553647
6.776143781288615e-05 226.53002202206952
0.00020328431343865673 250.8801546824207
0.00033880718906442817 227.267904829959
0.00047433006469019875 197.01470970649044
0.0006098529403159693 215.461779903726
0.0007453758159417408 211.77236586428
0.0008808986915675113 197.75259251437868
0.0010164215671932828 198.4904753222694
0.0011519444428190534 200.70412374593784
0.001287467318444824 174.14034266191666
0.0014229901940705945 163.07210054357242
0.0015585130696963668 151.26597561734286
0.0016940359453221374 139.45985069111123
0.001829558820947908 123.2264289175427
0.0019650816965736785 114.371835222869
0.002100604572199449 103.3035931045255
0.0022361274478252214 95.18688221774258
0.002371650323450992 92.97323379407415
0.0025071731990767626 83.38075729151093
0.002642696074702533 64.933687094274
0.0027782189503283037 53.127562168041685
0.002913741825954076 49.43814812859498
0.0030492647015798466 42.05932004970021
0.003184787577205617 47.96238251281603
0.0033203104528313878 32.466843547137
0.0034558333284571583 22.874367044573503
0.0035913562040829307 25.825898276131706
0.0037268790797087012 16.2334217735685
0.003862401955334472 19.92283581301589
0.003997924830960242 16.2334217735685
0.004133447706586013 9.592476502563082
0.004268970582211785 9.592476502563205
0.004404493457837556 7.378828078894774
0.004540016333463326 4.427296847336864
0.004675539209089097 8.11671088678425
0.0048110620847148676 3.68941403944734
0.00494658496034064 2.9515312315579094
0.0050821078359664104 2.9515312315579094
0.005217630711592181 4.427296847336864
0.005353153587217952 0.0
0.005488676462843722 1.4757656157789356
0.0056241993384694945 1.4757656157789547
0.005759722214095265 0.7378828078894774
0.005895245089721036 0.7378828078894774
0.006030767965346806 0.0
0.0061662908409725785 0.0
0.006301813716598349 0.0
0.00643733659222412 1.4757656157789547
0.00657285946784989 0.0
0.006708382343475661 0.7378828078894774
0.006843905219101431 
