-0.017957848655424276 0.28121408621375105
-0.017602247691950526 0.2812140862137538
-0.01724664672847678 0.2812140862137538
-0.016891045765003034 0.0
-0.016535444801529284 0.0
-0.016179843838055534 0.5624281724275076
-0.015824242874581788 0.2812140862137524
-0.01546864191110804 0.5624281724275048
-0.015113040947634292 0.8436422586412573
-0.014757439984160544 0.5624281724275048
-0.014401839020686796 0.2812140862137524
-0.014046238057213048 1.4060704310687622
-0.0136906370937393 1.4060704310687622
-0.013335036130265552 0.2812140862137524
-0.012979435166791804 1.4060704310687622
-0.012623834203318056 0.2812140862137524
-0.012268233239844308 2.530926775923772
-0.01191263227637056 2.530926775923772
-0.011557031312896811 3.0933549483512763
-0.011201430349423063 4.218211293206286
-0.010845829385949315 4.780639465633792
-0.010490228422475567 3.9369972069925336
-0.01013462745900182 6.4679239829163055
-0.009779026495528071 8.717636672626325
-0.009423425532054323 8.998850758840076
-0.009067824568580575 13.217062052046366
-0.008712223605106827 14.904346569328878
-0.00835662264163308 16.310417000397642
-0.008001021678159331 14.341918396901374
-0.007645420714685583 21.653484638458934
-0.007289819751211835 23.34076915574145
-0.006934218787738087 30.08990722487151
-0.006578617824264339 35.4329748629328
-0.006223016860790591 32.620834000795284
-0.005867415897316843 40.49482841478035
-0.005511814933843095 39.65118615613909
-0.005156213970369347 46.1191101390554
-0.004800613006895599 53.43067638061296
-0.004445012043421851 57.367673587605495
-0.004089411079948103 55.68038907032298
-0.003733810116474355 62.99195531188054
-0.003378209153000607 66.36652434644557
-0.003022608189526859 81.83329908820195
-0.002667007226053111 76.7714455363544
-0.002311406262579363 77.89630188120904
-0.0019558052991056132 86.05151038140866
-0.001600204335631867 93.64429070918001
-0.0012446033721581207 87.73879489869033
-0.0008890024086843709 93.0818625367516
-0.0005334014452106212 99.26857243345509
-0.00017780048173687488 90.83214984704247
0.0001778004817368714 84.92665403655282
0.0005334014452106212 92.5194343643241
0.0008890024086843709 83.80179769169862
0.0012446033721581172 83.52058360548487
0.0016002043356318635 91.11336393325534
0.0019558052991056132 85.20786812276657
0.002311406262579363 73.39687650178973
0.0026670072260531093 64.96045391537713
0.0030226081895268556 75.92780327771278
0.0033782091530006053 62.99195531188024
0.003733810116474355 57.93010176003329
0.004089411079948101 55.39917498410949
0.004445012043421848 53.711890466826446
0.004800613006895597 52.3058200357577
0.005156213970369347 44.15061153555934
0.005511814933843093 39.36997206992553
0.00586741589731684 32.90204808700887
0.0062230168607905895 33.464476259436374
0.006578617824264339 23.340769155741565
0.0069342187877380855 20.528628293604026
0.007289819751211832 21.09105646603133
0.0076454207146855815 17.997701517680067
0.008001021678159331 14.90434656932895
0.008356622641633078 13.21706205204643
0.008712223605106824 9.561278931267536
0.009067824568580574 12.373419793405047
0.009423425532054323 7.873994413985107
0.00977902649552807 8.436422586412615
0.010134627459001816 5.62428172427502
0.010490228422475566 7.030352155343777
0.010845829385949315 3.374569034565045
0.011201430349423062 2.2497126897100306
0.011557031312896808 2.5309267759237595
0.011912632276370558 1.406070431068755
0.012268233239844308 1.9684986034962768
0.012623834203318054 1.6872845172825226
0.0129794351667918 0.28121408621375105
0.01333503613026555 1.406070431068755
0.0136906370937393 0.5624281724275021
0.01404623805721305 0.5624281724275131
0.014401839020686792 0.0
0.014757439984160542 0.0
0.015113040947634292 0.28121408621375654
0.015468641911108034 0.0
0.015824242874581784 0.8436422586412531
0.016179843838055534 0.28121408621375105
0.016535444801529284 0.0
0.016891045765003034 0.0
0.017246646728476776 0.0
0.017602247691950526 0.0
0.017957848655424276 
