-0.02118384044303774 0.0
-0.020764358454066698 0.0
-0.02034487646509565 0.23838925777312212
-0.019925394476124608 0.0
-0.019505912487153564 0.23838925777312014
-0.019086430498182518 0.23838925777312212
-0.018666948509211474 0.23838925777312212
-0.01824746652024043 0.0
-0.017827984531269388 0.4767785155462403
-0.01740850254229834 0.7151677733193663
-0.016989020553327298 0.9535570310924806
-0.01656953856435625 0.47677851554624423
-0.016150056575385208 0.23838925777312212
-0.015730574586414164 1.1919462888656056
-0.01531109259744312 0.47677851554624223
-0.014891610608472074 1.907114062184977
-0.014472128619501031 2.383892577731221
-0.014052646630529988 2.6222818355043325
-0.013633164641558943 2.6222818355043325
-0.013213682652587898 4.291006639916198
-0.012794200663616855 5.482952928781786
-0.01237471867464581 3.0990603510505745
-0.011955236685674765 5.244563671008686
-0.011535754696703721 7.151677733193633
-0.011116272707732676 10.012348826471088
-0.010696790718761631 10.727516599790494
-0.010277308729790588 11.681073630882935
-0.009857826740819543 14.54174472416039
-0.009438344751848498 11.681073630882983
-0.009018862762877455 18.355972848530325
-0.00859938077390641 22.885368746219722
-0.008179898784935366 24.554093550631478
-0.007760416795964321 25.74603983949708
-0.007340934806993276 27.653153901682167
-0.006921452818022233 31.467382026051986
-0.006501970829051188 39.09583827479202
-0.006082488840080145 37.1887242126069
-0.0056630068511091 42.67167714138868
-0.005243524862138055 46.009126750212566
-0.0048240428731670115 47.91624081239755
-0.004404560884195968 58.405368154414425
-0.0039850788952249215 62.21959627878487
-0.0035655969062538782 65.7954351453817
-0.003146114917282835 61.98120702101124
-0.0027266329283117882 73.66228065189473
-0.002307150939340745 69.13288475420542
-0.0018876689503697017 75.33100545630596
-0.001468186961398655 76.76134100294533
-0.0010487049724276117 85.34335428277771
-0.0006292229834565684 75.33100545630596
-0.00020974099448552164 79.86040135399591
0.00020974099448552164 75.33100545630658
0.0006292229834565649 75.33100545630596
0.0010487049724276117 66.27221366092795
0.001468186961398655 74.85422694076034
0.0018876689503696982 68.17932772311235
0.002307150939340745 65.31865662983546
0.0027266329283117882 73.42389139412161
0.0031461149172828315 64.8418781142892
0.0035655969062538748 55.30630780336388
0.0039850788952249215 53.39919374117935
0.004404560884195965 49.34657635903628
0.004824042873167008 49.58496561680899
0.005243524862138055 41.71812011029637
0.005663006851109098 41.47973085252325
0.006082488840080141 31.944160541598098
0.006501970829051188 32.18254979937148
0.006921452818022231 27.89154315945529
0.007340934806993275 25.507650581723855
0.007760416795964321 23.123758003992844
0.008179898784935365 22.885368746219722
0.008599380773906408 17.640805075211038
0.009018862762877451 15.972080270799049
0.009438344751848498 15.73369101302606
0.009857826740819541 11.204295115336647
0.010277308729790588 12.39624140420235
0.010696790718761631 8.10523476428615
0.011116272707732675 9.297181053151762
0.011535754696703718 5.006174413235565
0.011955236685674761 6.436509959874297
0.012374718674645804 3.8142281243698903
0.012794200663616855 1.907114062184977
0.013213682652587898 3.0990603510505874
0.013633164641558941 2.383892577731221
0.014052646630529984 1.1919462888656105
0.014472128619501028 0.9535570310924885
0.014891610608472071 0.23838925777311815
0.015311092597443121 0.9535570310924885
0.015730574586414164 0.47677851554624423
0.016150056575385208 0.7151677733193663
0.01656953856435625 0.47677851554624423
0.016989020553327294 0.47677851554624423
0.017408502542298337 0.0
0.017827984531269388 0.23838925777312212
0.01824746652024043 0.0
0.018666948509211474 0.47677851554624423
0.019086430498182518 0.0
0.01950591248715356 0.23838925777312212
0.019925394476124604 0.0
0.020344876465095647 0.0
0.020764358454066698 0.23838925777312212
0.02118384044303774 
