-0.011511485762703907 0.0
-0.011283535549581057 0.8773845712186923
-0.011055585336458208 0.4386922856093428
-0.010827635123335358 0.4386922856093428
-0.010599684910212508 0.8773845712186923
-0.010371734697089659 0.8773845712186856
-0.010143784483966809 0.8773845712186923
-0.00991583427084396 0.4386922856093428
-0.00968788405772111 0.8773845712186856
-0.00945993384459826 1.3160768568280383
-0.009231983631475411 0.8773845712186856
-0.00900403341835256 2.6321537136560766
-0.008776083205229712 2.6321537136560567
-0.008548132992106862 4.386922856093428
-0.008320182778984012 4.82561514170277
-0.008092232565861161 4.386922856093461
-0.007864282352738313 5.264307427312133
-0.007636332139615463 8.335153426577545
-0.007408381926492614 6.580384284140142
-0.007180431713369764 12.722076282670988
-0.006952481500246914 13.599460853889678
-0.006724531287124065 17.547691424373713
-0.006496581074001214 18.42507599559247
-0.006268630860878365 18.86376828120181
-0.0060406806477555156 24.56676799412329
-0.005812730434632666 23.6893834229046
-0.005584780221509817 28.514998564607282
-0.005356830008386966 26.321537136560668
-0.005128879795264117 36.85015199118494
-0.0049009295821412675 33.34061370631005
-0.004672979369018417 42.991843989715754
-0.004445029155895568 52.643074273121336
-0.004217078942772718 50.88830513068395
-0.003989128729649869 63.171689127745594
-0.0037611785165270195 55.27522798677719
-0.003533228303404169 61.8556122709178
-0.0033052780902813206 84.66761112260316
-0.0030773278771584704 75.89376541041631
-0.00284937766403562 82.03545740894772
-0.0026214274509127715 87.29976483625921
-0.002393477237789921 81.59676512333775
-0.002165527024667071 116.69214797208608
-0.0019375768115442223 110.11176368794504
-0.001709626598421372 111.86653283038241
-0.0014816763852985217 121.07907082817952
-0.0012537261721756732 124.14991682744402
-0.0010257759590528229 124.5886091130543
-0.0007978257459299743 124.58860911305335
-0.000569875532807124 114.93737882964781
-0.0003419253196842737 132.48507025402253
-0.00011397510656142515 125.90468596988138
0.00011397510656142515 133.3624548252412
0.0003419253196842737 134.67853168206824
0.000569875532807124 121.51776311378795
0.0007978257459299743 132.04637796841317
0.0010257759590528229 126.78207054110007
0.0012537261721756732 107.47960997428899
0.0014816763852985235 111.42784054477391
0.001709626598421372 117.13084025769453
0.0019375768115442223 107.91830225989833
0.0021655270246670726 100.8992256901496
0.002393477237789921 88.1771494074779
0.0026214274509127715 82.91284198016642
0.00284937766403562 74.57768855358827
0.0030773278771584704 71.06815026871354
0.0033052780902813206 65.36515055579257
0.003533228303404169 65.36515055579208
0.0037611785165270195 58.78476627165237
0.003989128729649868 52.64307427312114
0.004217078942772718 52.204381987511795
0.004445029155895569 42.99184398971559
0.004672979369018419 37.727536562404055
0.004900929582141266 32.46322913509137
0.005128879795264116 30.269767707044654
0.005356830008386966 26.76022942216991
0.005584780221509817 26.76022942216991
0.005812730434632667 21.495921994857795
0.006040680647755517 17.986383709983325
0.006268630860878364 16.231614567545684
0.006496581074001214 14.47684542510831
0.006724531287124065 10.528614854624227
0.006952481500246915 7.457768855358828
0.007180431713369765 6.141691998530892
0.007408381926492612 8.335153426577513
0.0076363321396154624 6.580384284140142
0.007864282352738313 3.948230570484085
0.008092232565861163 4.82561514170277
0.008320182778984013 2.193461428046714
0.008548132992106864 3.948230570484145
0.00877608320522971 3.5095382848747425
0.00900403341835256 2.193461428046714
0.009231983631475411 2.193461428046714
0.009459933844598261 2.6321537136560567
0.009687884057721112 0.8773845712186988
0.009915834270843958 0.8773845712186856
0.010143784483966809 1.7547691424373713
0.010371734697089659 0.4386922856093428
0.01059968491021251 0.0
0.01082763512333536 0.4386922856093494
0.011055585336458206 0.0
0.011283535549581057 0.4386922856093428
0.011511485762703907 
