-0.2331104294385437 0.021663552386579712
-0.22849438133084976 0.02166355238657984
-0.22387833322315584 0.0
-0.21926228511546192 0.0
-0.21464623700776797 0.021663552386579712
-0.21003018890007402 0.0
-0.2054141407923801 0.02166355238657984
-0.20079809268468618 0.0
-0.19618204457699223 0.0
-0.19156599646929828 0.02166355238657984
-0.18694994836160436 0.0
-0.18233390025391044 0.0
-0.1777178521462165 0.043327104773159424
-0.17310180403852254 0.04332710477315968
-0.16848575593082862 0.1083177619328992
-0.1638697078231347 0.043327104773159424
-0.15925365971544075 0.06499065715973913
-0.1546376116077468 0.1083177619328992
-0.15002156350005288 0.06499065715973952
-0.14540551539235896 0.12998131431947826
-0.14078946728466502 0.1733084190926377
-0.13617341917697107 0.23829907625237826
-0.13155737106927715 0.4332710477315968
-0.12694132296158323 0.36828039057185513
-0.12232527485388928 0.4332710477315955
-0.11770922674619534 0.8015514383034517
-0.11309317863850141 0.5632523620510742
-0.10847713053080747 0.9098692002363507
-0.10386108242311354 1.1698318288753045
-0.09924503431541959 1.36480380035453
-0.09462898620772567 1.4297944575142696
-0.09001293810003175 1.798074848086116
-0.0853968899923378 2.1880187910445508
-0.08078084188464385 2.2313458958177237
-0.07616479377694993 2.621289838776161
-0.07154874566925601 2.9679066769614204
-0.06693269756156206 3.639476800945392
-0.06231664945386811 3.7044674581051527
-0.05770060134617419 3.791121667651472
-0.05308455323848027 4.311046924929363
-0.04846850513078632 5.19925257277913
-0.04385245702309237 5.415888096644961
-0.03923640891539845 6.152448877788675
-0.03462036080770453 6.044131115855739
-0.030004312700010582 6.477402163587334
-0.025388264592316634 6.82401900177265
-0.020772216484622713 7.0623180780250285
-0.016156168376928792 7.668897544849218
-0.011540120269234844 7.928860173488174
-0.006924072161540895 8.340467668833238
-0.0023080240538469743 8.665420954631937
0.0023080240538469465 8.36213122121977
0.006924072161540895 7.755551754395537
0.011540120269234844 7.733888202009004
0.016156168376928765 7.387271363823726
0.020772216484622685 6.975663868478667
0.025388264592316634 6.629047030293392
0.030004312700010582 6.8240190017726094
0.03462036080770453 6.152448877788712
0.039236408915398424 5.6325236205107245
0.04385245702309237 4.614336658341478
0.04846850513078632 4.484355344022054
0.053084553238480214 4.246056267769623
0.05770060134617416 3.74779456287829
0.06231664945386811 3.639476800945392
0.06693269756156206 3.2711964103735367
0.07154874566925601 2.382990762523797
0.0761647937769499 2.4263178672969277
0.08078084188464385 1.9280561624055943
0.0853968899923378 1.6897570861532378
0.09001293810003169 1.4081309051276811
0.09462898620772564 1.278149590808203
0.09924503431541959 1.0181869621692463
0.10386108242311354 0.8232149906900291
0.10847713053080749 0.714897228757139
0.11309317863850138 0.9531963050095074
0.11770922674619533 0.75822433353029
0.12232527485388928 0.28162618102553966
0.12694132296158317 0.49826170489133337
0.13155737106927712 0.1733084190926377
0.13617341917697107 0.1949719714792174
0.14078946728466502 0.30328973341211596
0.14540551539235896 0.15164486670605978
0.15002156350005286 0.06499065715973913
0.1546376116077468 0.10831776193289856
0.15925365971544075 0.08665420954631989
0.16386970782313465 0.12998131431947826
0.1684857559308286 0.043327104773159424
0.17310180403852254 0.021663552386579712
0.1777178521462165 0.043327104773159424
0.18233390025391044 0.043327104773159944
0.18694994836160433 0.0
0.19156599646929828 0.0
0.19618204457699223 0.021663552386579972
0.20079809268468612 0.0
0.20541414079238007 0.0
0.21003018890007402 0.0
0.21464623700776797 0.0
0.21926228511546192 0.0
0.2238783332231558 0.0
0.22849438133084976 0.0
0.2331104294385437 
