-0.01405348420711734 0.35934149322503506
-0.013775197391134818 0.7186829864500701
-0.013496910575152296 0.35934149322503733
-0.013218623759169776 0.0
-0.012940336943187254 1.4373659729001402
-0.012662050127204732 0.35934149322503506
-0.01238376331122221 0.7186829864500747
-0.01210547649523969 0.35934149322503506
-0.011827189679257168 1.4373659729001402
-0.011548902863274646 2.15604895935021
-0.011270616047292124 1.078024479675105
-0.010992329231309602 0.7186829864500747
-0.010714042415327082 0.7186829864500701
-0.01043575559934456 1.078024479675105
-0.010157468783362038 2.515390452575261
-0.009879181967379518 2.8747319458002623
-0.009600895151396994 5.749463891600597
-0.009322608335414474 6.827488371275667
-0.009044321519431952 5.390122398375525
-0.00876603470344943 6.108805384825634
-0.00848774788746691 10.061561810300919
-0.008209461071484386 10.780244796751118
-0.007931174255501865 11.858269276426157
-0.007652887439519343 12.576952262876226
-0.007374600623536821 14.014318235776411
-0.0070963138075543 17.60773316802672
-0.006818026991571778 20.48246511382706
-0.006539740175589257 24.075880046077348
-0.006261453359606735 24.075880046077348
-0.005983166543624213 27.309953485102834
-0.005704879727641693 35.9341493225035
-0.005426592911659171 30.903368417353015
-0.005148306095676649 42.0429547073291
-0.004870019279694127 47.07373561247959
-0.004591732463711605 50.66715054473026
-0.004313445647729085 58.21332190245568
-0.004035158831746563 67.91554221953163
-0.0037568720157640408 58.21332190245568
-0.0034785851997815188 63.962785794056636
-0.0032002983837989985 63.6034443008312
-0.0029220115678164765 83.72656792143317
-0.0026437247518339545 76.53973805693246
-0.0023654379358514326 85.88261688078337
-0.0020871511198689106 102.05298407591059
-0.0018088643038863903 98.10022765043458
-0.0015305774879038683 104.20903303526016
-0.0012522906719213463 113.55191185911107
-0.0009740038559388244 107.08376498106045
-0.0006957170399563024 106.72442348783608
-0.0004174302239737821 102.05298407590996
-0.00013914340799126013 105.28705751493527
0.00013914340799126186 101.69364258268492
0.00041743022397378385 114.62993633878689
0.0006957170399563041 105.28705751493527
0.0009740038559388261 100.25627660978478
0.001252290671921348 106.00574050138535
0.00153057748790387 93.4287882385097
0.0018088643038863903 103.13100855558442
0.002087151119868914 97.38154466398511
0.0023654379358514343 91.99142226560956
0.0026437247518339545 87.31998285368297
0.0029220115678164783 77.61776253660805
0.0032002983837989985 73.66500611113173
0.0034785851997815222 71.14961565855738
0.0037568720157640425 76.89907955015798
0.004035158831746563 56.77595592955519
0.0043134456477290865 60.36937086180627
0.004591732463711607 38.44953977507851
0.0048700192796941304 45.277028146354695
0.005148306095676651 44.19900366667959
0.005426592911659171 31.981392897027916
0.005704879727641695 29.106660951228022
0.005983166543624215 24.794563032527265
0.006261453359606739 17.248391674801788
0.006539740175589259 25.513246018977647
0.006818026991571779 12.93629375610118
0.007096313807554303 12.217610769651268
0.007374600623536823 7.186829864500745
0.007652887439519343 14.01431823577628
0.007931174255501867 9.342878823850969
0.008209461071484387 9.702220317075886
0.008487747887466911 3.2340734390253356
0.008766034703449431 7.90551285095082
0.009044321519431952 5.0307809051504595
0.009322608335414475 3.95275642547541
0.009600895151396996 1.0780244796750984
0.00987918196737952 4.671439411925484
0.01015746878336204 2.515390452575261
0.01043575559934456 1.0780244796750984
0.010714042415327083 0.7186829864500747
0.010992329231309604 2.156048959350197
0.011270616047292127 0.35934149322503733
0.011548902863274648 0.35934149322503733
0.011827189679257168 0.7186829864500656
0.012105476495239692 1.0780244796751117
0.012383763311222212 1.0780244796750984
0.012662050127204736 0.0
0.012940336943187256 0.0
0.013218623759169776 0.0
0.0134969105751523 0.0
0.01377519739113482 0.35934149322503733
0.01405348420711734 
