-0.034102290294973275 0.14808389572428154
-0.03342699741784509 0.0
-0.03275170454071691 0.14808389572428154
-0.032076411663588725 0.0
-0.03140111878646054 0.0
-0.030725825909332358 0.0
-0.030050533032204174 0.0
-0.02937524015507599 0.0
-0.028699947277947807 0.0
-0.028024654400819624 0.14808389572428154
-0.02734936152369144 0.0
-0.026674068646563256 0.14808389572428154
-0.025998775769435073 0.0
-0.02532348289230689 0.2961677914485631
-0.024648190015178706 0.14808389572428154
-0.023972897138050522 0.5923355828971262
-0.02329760426092234 0.5923355828971262
-0.022622311383794155 0.8885033743456892
-0.021947018506665972 1.4808389572428153
-0.021271725629537788 0.2961677914485631
-0.020596432752409605 1.036587270069971
-0.01992113987528142 2.221258435864223
-0.019245846998153238 1.1846711657942524
-0.018570554121025054 1.480838957242808
-0.017895261243896867 3.2578457059341943
-0.017219968366768684 3.2578457059341943
-0.0165446754896405 4.886768558901291
-0.015869382612512316 5.923355828971261
-0.015194089735384133 7.5522786819383585
-0.01451879685825595 8.885033743456892
-0.013843503981127766 8.885033743456892
-0.013168211103999582 10.662040492148272
-0.012492918226871399 11.402459970769678
-0.011817625349743215 15.696892946773843
-0.011142332472615032 16.585396321119536
-0.010467039595486848 23.397255524436485
-0.009791746718358665 25.766597856024987
-0.009116453841230481 26.95126902181924
-0.008441160964102298 29.024443561959185
-0.007765868086974114 32.57845705934194
-0.0070905752098459306 33.91121212086047
-0.006415282332717747 38.501812888313204
-0.0057399894555895635 44.425168717284464
-0.00506469657846138 41.907742489971675
-0.004389403701333196 45.01750430018159
-0.003714110824205013 49.01576948473719
-0.0030388179470768294 51.977447399222555
-0.0023635250699486424 52.71786687784423
-0.0016882321928204588 53.31020246074136
-0.0010129393156922753 52.12553129494711
-0.00033764643856409177 55.975712583778424
0.00033764643856409177 54.49487362653561
0.0010129393156922753 54.791041417984175
0.0016882321928204588 54.19870583508705
0.0023635250699486424 50.49660844198001
0.003038817947076826 49.31193727618575
0.0037141108242050094 50.20044065053145
0.004389403701333193 43.09241365576593
0.0050646965784613765 41.16732301135027
0.00573998945558956 43.98091703011162
0.0064152823327177436 34.94779939093044
0.007090575209845927 31.54186978927197
0.007765868086974111 29.468695249132026
0.008441160964102294 23.841507211609326
0.009116453841230478 22.804919941539357
0.009791746718358661 21.768332671469388
0.010467039595486845 16.437312425395252
0.011142332472615028 16.585396321119536
0.011817625349743212 14.067970093806746
0.012492918226871395 13.179466719461058
0.013168211103999579 8.73694984773261
0.013843503981127762 7.996530369111203
0.014518796858255946 6.959943099041232
0.01519408973538413 5.77527193324698
0.015869382612512313 5.034852454625573
0.016544675489640497 2.073174540139942
0.01721996836676868 3.1097618102099123
0.017895261243896864 2.8135940187613495
0.018570554121025047 1.6289228529670972
0.01924584699815323 0.8885033743456892
0.019921139875281414 1.6289228529670972
0.020596432752409598 0.2961677914485631
0.02127172562953778 0.8885033743456892
0.021947018506665965 0.5923355828971262
0.02262231138379415 0.8885033743456892
0.023297604260922332 0.0
0.023972897138050515 0.0
0.0246481900151787 0.0
0.025323482892306882 0.2961677914485631
0.025998775769435066 0.0
0.02667406864656325 0.14808389572428154
0.027349361523691433 0.0
0.028024654400819617 0.0
0.028699947277947807 0.2961677914485631
0.02937524015507599 0.0
0.030050533032204174 0.0
0.030725825909332358 0.0
0.03140111878646054 0.0
0.032076411663588725 0.0
0.03275170454071691 0.0
0.03342699741784509 0.0
0.034102290294973275 
