-0.016667452838663714 0.3029857080672485
-0.016337404267601066 0.0
-0.016007355696538418 0.0
-0.01567730712547577 0.3029857080672485
-0.015347258554413122 0.0
-0.015017209983350476 0.0
-0.014687161412287828 0.0
-0.01435711284122518 0.605971416134497
-0.014027064270162532 0.3029857080672485
-0.013697015699099884 0.0
-0.013366967128037236 0.3029857080672501
-0.01303691855697459 0.3029857080672485
-0.012706869985911941 0.9089571242017455
-0.012376821414849293 1.5149285403362427
-0.012046772843786645 1.5149285403362427
-0.011716724272723997 1.5149285403362427
-0.01138667570166135 3.0298570806724854
-0.011056627130598701 2.7268713726052365
-0.010726578559536053 1.817914248403491
-0.010396529988473405 2.423885664537988
-0.010066481417410757 5.453742745210473
-0.00973643284634811 4.847771329076002
-0.009406384275285463 8.786585533950207
-0.009076335704222815 8.483599825882958
-0.008746287133160167 10.604499782353697
-0.008416238562097519 6.665685577479468
-0.008086189991034871 11.816442614622693
-0.007756141419972223 17.573171067900507
-0.007426092848909577 21.511985272774645
-0.007096044277846929 28.480656558321364
-0.006765995706784281 25.147813769581628
-0.006435947135721633 26.965728017985118
-0.006105898564658985 35.14634213580083
-0.005775849993596337 37.57022780033882
-0.005445801422533689 41.2060562971458
-0.005115752851471041 43.629941961683784
-0.004785704280408393 50.59861324723077
-0.004455655709345746 55.74937028437373
-0.004125607138283098 57.26429882470997
-0.0037955585672204504 65.14192723445844
-0.0034655099961578024 70.29268427160166
-0.0031354614250951544 71.8076128119379
-0.0028054128540325064 77.86732697328287
-0.0024753642829698583 75.44344130874528
-0.002145315711907212 94.53154091698154
-0.001815267140844564 98.47035512185577
-0.001485218569781916 104.22708357513349
-0.001155169998719268 98.16736941378852
-0.00082512142765662 103.31812645093174
-0.000495072856593972 99.68229795412478
-0.000165024285531324 102.71215503479725
0.000165024285531324 103.621112158999
0.000495072856593972 108.16589778000773
0.00082512142765662 89.68376958790556
0.001155169998719268 88.16884104756932
0.001485218569781916 96.95542658152056
0.0018152671408445606 91.50168383630906
0.0021453157119072086 83.0180840104261
0.0024753642829698566 85.44196967496408
0.0028054128540325046 69.68671285546716
0.0031354614250951526 76.35239843294663
0.0034655099961578006 63.02102727798769
0.0037955585672204487 58.476241656978964
0.004125607138283097 55.14339886823923
0.004455655709345745 47.56875616655802
0.004785704280408393 46.65979904235627
0.005115752851471041 40.29709917294405
0.005445801422533689 38.47918492454056
0.005775849993596337 34.23738501159909
0.006105898564658985 29.995585098657607
0.006435947135721633 23.329899521178135
0.006765995706784281 17.270185359833164
0.007096044277846929 16.058242527564342
0.007426092848909573 14.846299695295176
0.007756141419972221 15.149285403362425
0.00808618999103487 13.331371154958935
0.008416238562097517 8.786585533950207
0.008746287133160165 7.8776284097484615
0.009076335704222813 7.574642701681213
0.009406384275285461 4.847771329075976
0.00973643284634811 5.150757037143225
0.010066481417410757 2.1208999564707396
0.010396529988473405 2.7268713726052365
0.010726578559536053 1.5149285403362427
0.011056627130598701 1.5149285403362427
0.01138667570166135 0.9089571242017455
0.011716724272723997 0.9089571242017455
0.012046772843786645 0.0
0.01237682141484929 0.0
0.012706869985911938 0.9089571242017455
0.013036918556974586 0.0
0.013366967128037234 0.3029857080672485
0.013697015699099882 0.3029857080672485
0.01402706427016253 0.605971416134497
0.014357112841225178 0.605971416134497
0.014687161412287826 0.0
0.015017209983350474 0.0
0.015347258554413122 0.0
0.01567730712547577 0.0
0.016007355696538418 0.0
0.016337404267601066 0.0
0.016667452838663714 
