-0.010246942802466616 0.49282991984539604
-0.01004403304400193 0.0
-0.009841123285537245 0.0
-0.009638213527072559 0.0
-0.009435303768607874 0.0
-0.009232394010143188 0.0
-0.009029484251678504 0.49282991984539604
-0.008826574493213817 0.0
-0.008623664734749133 0.49282991984539604
-0.008420754976284446 0.0
-0.008217845217819762 1.9713196793815841
-0.008014935459355076 0.9856598396907963
-0.00781202570089039 1.9713196793815926
-0.007609115942425705 0.9856598396907963
-0.007406206183961019 0.49282991984539815
-0.007203296425496334 1.4784897595361943
-0.007000386667031649 0.9856598396907963
-0.006797476908566963 2.9569795190723887
-0.006594567150102278 5.42112911829938
-0.006391657391637592 7.88527871752637
-0.006188747633172907 7.88527871752637
-0.005985837874708222 9.856598396907962
-0.005782928116243536 6.406788957990176
-0.005580018357778851 9.85659839690792
-0.0053771085993141645 10.349428316753361
-0.005174198840849479 16.26338735489814
-0.004971289082384794 18.727536954125128
-0.004768379323920108 27.598475511342293
-0.004565469565455423 27.1056455914969
-0.0043625598069907375 27.598475511342293
-0.004159650048526052 39.91922350747725
-0.003956740290061367 40.41205342732265
-0.0037538305315966813 53.22563134330299
-0.003550920773131996 56.18261086237539
-0.0033480110146673105 76.8814674958821
-0.003145101256202625 69.98184861804653
-0.0029421914977379397 82.79542653402689
-0.0027392817392732543 93.63768477062564
-0.002536371980808569 111.8723918049049
-0.0023334622223438826 112.85805164459664
-0.002130552463879198 107.92975244614172
-0.0019276427054145118 137.99237755671206
-0.0017247329469498272 125.17879964073059
-0.001521823188485141 128.13577915980406
-0.0013189134300204564 145.87765627423724
-0.0011160036715557702 152.77727515207408
-0.0009130939130910856 161.1553837894445
-0.0007101841546263993 172.983301865734
-0.0005072743961617131 156.22708459099186
-0.00030436463769702854 170.02632234666163
-0.00010145487923234227 178.89726090388027
0.00010145487923234227 169.04066250697085
0.00030436463769702854 163.1267034688275
0.0005072743961617131 154.74859483145437
0.0007101841546263993 155.73425467114646
0.0009130939130910839 165.09802314820766
0.0011160036715557702 140.45652715593906
0.0013189134300204547 125.17879964073059
0.001521823188485141 133.06407835825806
0.0017247329469498255 114.82937132397727
0.0019276427054145118 120.25050044227767
0.0021305524638791963 107.92975244614172
0.0023334622223438826 88.21655565232663
0.002536371980808567 86.2452359729443
0.0027392817392732534 83.78108637371733
0.0029421914977379397 78.85278717526404
0.003145101256202624 53.718461263148164
0.0033480110146673105 61.110910060829625
0.003550920773131995 57.16827070206593
0.0037538305315966813 41.89054318685902
0.003956740290061366 40.41205342732247
0.004159650048526052 39.42639358763202
0.004362559806990737 29.56979519072376
0.004565469565455423 28.09130543118781
0.004768379323920107 20.206026713661235
0.004971289082384794 22.17734639304301
0.005174198840849478 15.770557435052673
0.0053771085993141645 12.3207479961349
0.005580018357778851 12.813577915980407
0.005782928116243535 12.813577915980407
0.00598583787470822 5.4211291182993095
0.006188747633172908 4.9282991984540025
0.006391657391637592 5.421129118299403
0.006594567150102277 2.9569795190724015
0.0067974769085669615 2.956979519072351
0.0070003866670316495 3.449809438917802
0.007203296425496334 1.4784897595362008
0.0074062061839610185 0.0
0.007609115942425703 0.9856598396907835
0.007812025700890391 0.0
0.008014935459355076 0.9856598396908004
0.00821784521781976 0.4928299198454002
0.008420754976284445 0.0
0.008623664734749133 0.4928299198454002
0.008826574493213817 0.0
0.009029484251678502 0.49282991984539176
0.00923239401014319 0.0
0.009435303768607874 0.4928299198454002
0.009638213527072559 0.0
0.009841123285537243 0.0
0.010044033044001931 0.4928299198454002
0.010246942802466616 
