-2.9435846680855793 0.0
-2.885295862776954 0.0
-2.827007057468329 0.0
-2.768718252159703 0.0
-2.710429446851078 0.0
-2.6521406415424527 0.0
-2.5938518362338274 0.0
-2.5355630309252017 0.0
-2.4772742256165765 0.0
-2.4189854203079513 0.0
-2.360696614999326 0.0
-2.302407809690701 0.0
-2.2441190043820756 0.0017155952926213402
-2.18583019907345 0.0
-2.1275413937648247 0.0
-2.0692525884561994 0.0
-2.0109637831475737 0.0
-1.9526749778389485 0.005146785877864059
-1.8943861725303233 0.005146785877864059
-1.836097367221698 0.0
-1.7778085619130726 0.005146785877864059
-1.7195197566044473 0.003431190585242693
-1.6612309512958219 0.012009167048349473
-1.6029421459871966 0.0034311905852427065
-1.5446533406785714 0.01544035763359212
-1.486364535369946 0.013724762340970826
-1.4280757300613207 0.022302738804077505
-1.3697869247526953 0.025733929389320297
-1.31149811944407 0.037743096437669627
-1.2532093141354446 0.049752263486019244
-1.1949205088268193 0.048036668193397705
-1.1366317035181939 0.06176143053436872
-1.0783428982095686 0.0840641693384463
-1.0200540929009434 0.08921095521631002
-0.9617652875923179 0.11666047989825158
-0.9034764822836925 0.14239440928757233
-0.8451876769750672 0.1938622680662129
-0.786898871666442 0.24533012684485353
-0.7286100663578168 0.28822000916038515
-0.6703212610491911 0.29165119974563003
-0.6120324557405659 0.3602750114504842
-0.5537436504319406 0.4100272749365034
-0.4954548451233154 0.49237584898232833
-0.43716603981469015 0.569577637150285
-0.3788772345060645 0.6090363288805803
-0.32058842919743924 0.7033940699747548
-0.262299623888814 0.7874582393132011
-0.20401081858018877 0.8217701451656281
-0.14572201327156353 0.8234857404582433
-0.08743320796293785 0.8372105027992204
-0.029144402654312618 0.8732380039442689
0.029144402654312618 0.8337793122139777
0.08743320796293785 0.8200545498730005
0.14572201327156353 0.7943206204836866
0.20401081858018877 0.7479995475829101
0.262299623888814 0.6622197829518424
0.32058842919743924 0.5918803759543669
0.3788772345060645 0.595311566539605
0.43716603981469015 0.5352657312978623
0.4954548451233154 0.37914655966931904
0.5537436504319406 0.3225319150128144
0.6120324557405659 0.3105227479644626
0.6703212610491915 0.28478881857514465
0.7286100663578168 0.22645857862601862
0.786898871666442 0.1904310774809702
0.8451876769750672 0.15955036221378585
0.9034764822836925 0.1321008375318432
0.9617652875923182 0.1063669081425239
1.0200540929009434 0.07377059758271763
1.078342898209569 0.07205500229009683
1.1366317035181943 0.07205500229009683
1.1949205088268195 0.03088071526718436
1.2532093141354448 0.03431190585242706
1.31149811944407 0.029165119974563003
1.3697869247526953 0.027449524681941652
1.4280757300613205 0.018871548218834886
1.4863645353699457 0.01544035763359218
1.544653340678571 0.008577976463106636
1.602942145987197 0.005146785877864059
1.6612309512958223 0.0034311905852427065
1.7195197566044476 0.0017155952926213532
1.7778085619130728 0.0017155952926213532
1.836097367221698 0.005146785877864059
1.8943861725303233 0.0034311905852427065
1.9526749778389485 0.0034311905852427065
2.0109637831475737 0.0034311905852427065
2.069252588456199 0.0
2.127541393764825 0.0
2.1858301990734503 0.0
2.2441190043820756 0.0
2.302407809690701 0.0
2.360696614999326 0.0017155952926213532
2.4189854203079513 0.0
2.4772742256165765 0.0
2.5355630309252017 0.0
2.593851836233827 0.0
2.652140641542452 0.0
2.7104294468510783 0.0
2.7687182521597036 0.0
2.827007057468329 0.0
2.885295862776954 0.0017155952926213532
2.9435846680855793 
