-4.240514995106784 0.0
-4.156544401144274 0.0
-4.0725738071817625 0.0
-3.988603213219252 0.0
-3.9046326192567413 0.0
-3.820662025294231 0.0
-3.73669143133172 0.0
-3.65272083736921 0.001190893088652509
-3.5687502434066993 0.0
-3.4847796494441887 0.001190893088652509
-3.400809055481678 0.0
-3.3168384615191675 0.0
-3.232867867556657 0.002381786177305018
-3.1488972735941463 0.0023817861773050312
-3.064926679631636 0.0011908930886525028
-2.980956085669125 0.005954465443262578
-2.896985491706615 0.005954465443262514
-2.813014897744104 0.0011908930886525156
-2.7290443037815937 0.0059544654432625455
-2.645073709819083 0.008336251620567565
-2.5611031158565725 0.008336251620567565
-2.477132521894062 0.01548161015248262
-2.3931619279315512 0.01667250324113513
-2.3091913339690406 0.01667250324113513
-2.22522074000653 0.023817861773050182
-2.1412501460440194 0.025008754861702693
-2.057279552081509 0.02143607559574528
-1.9733089581189986 0.03096322030496524
-1.889338364156488 0.03215411339361775
-1.8053677701939774 0.050017509723405386
-1.7213971762314668 0.059544654432625466
-1.6374265822689562 0.07145358531915055
-1.5534559883064456 0.07264447840780305
-1.469485394343935 0.09646234018085324
-1.3855148003814244 0.13218913284042852
-1.3015442064189138 0.128616453574471
-1.2175736124564032 0.1178984157765984
-1.1336030184938926 0.15600699461347953
-1.0496324245313824 0.18577932182979143
-0.9656618305688718 0.2369877246418493
-0.8816912366063612 0.254851120971637
-0.7977206426438506 0.31439577540426245
-0.71375004868134 0.3120139892269574
-0.6297794547188293 0.38227668145745547
-0.5458088607563187 0.39537650543263303
-0.4618382667938081 0.4680209838404361
-0.3778676728312975 0.4823117009042662
-0.2938970788687869 0.5430472484255442
-0.2099264849062763 0.5275656382730644
-0.12595589094376614 0.5478108207801513
-0.04198529698125508 0.5108931350319291
0.04198529698125508 0.5406654622482363
0.12595589094376614 0.5263747451844119
0.2099264849062763 0.5049386695886665
0.29389707886878647 0.47159366310639117
0.3778676728312975 0.42753061882625304
0.4618382667938077 0.4084763294078085
0.5458088607563187 0.3691768574822798
0.6297794547188289 0.32868649246809084
0.71375004868134 0.26080558641490087
0.7977206426438501 0.2512784417056781
0.8816912366063612 0.24056040390780814
0.9656618305688713 0.17625217712057042
1.0496324245313824 0.1786339632978773
1.1336030184938926 0.15124342225886947
1.2175736124564027 0.1286164535744703
1.3015442064189138 0.12623466739716663
1.385514800381424 0.07621715767376018
1.469485394343935 0.0845534092943286
1.5534559883064452 0.06907179914184516
1.6374265822689562 0.06430822678723583
1.7213971762314664 0.046444830457447614
1.8053677701939774 0.03691768574822798
1.8893383641564876 0.03334500648227008
1.9733089581189986 0.02143607559574528
2.057279552081509 0.013099823975177671
2.141250146044019 0.019054289418440045
2.22522074000653 0.01071803779787264
2.30919133396904 0.00833625162056752
2.3931619279315512 0.01071803779787264
2.4771325218940614 0.007145358531915018
2.5611031158565725 0.009527144709220125
2.6450737098190826 0.007145358531915018
2.7290443037815937 0.008336251620567609
2.813014897744104 0.004763572354610011
2.896985491706615 0.0023817861773050312
2.980956085669125 0.0047635723546100624
3.0649266796316352 0.0
3.1488972735941463 0.0
3.2328678675566564 0.0011908930886525028
3.3168384615191675 0.0011908930886525156
3.4008090554816777 0.0011908930886525028
3.4847796494441887 0.0011908930886525156
3.568750243406699 0.0
3.65272083736921 0.0
3.73669143133172 0.0
3.820662025294231 0.0
3.9046326192567413 0.0
3.9886032132192515 0.0
4.072573807181762 0.0011908930886524902
4.156544401144274 0.0011908930886525156
4.240514995106784 
