-0.004209829066801998 0.0
-0.0041264661149841364 1.1995736453585344
-0.004043103163166275 1.1995736453585466
-0.003959740211348414 0.0
-0.0038763772595305527 1.1995736453585344
-0.003793014307712691 3.598720936075603
-0.0037096513558948297 1.1995736453585404
-0.0036262884040769686 1.1995736453585344
-0.003542925452259107 5.997868226792702
-0.003459562500441246 5.997868226792671
-0.0033761995486233844 3.598720936075603
-0.003292836596805523 9.596589162868323
-0.003209473644987662 10.796162808226864
-0.0031261106931698007 13.195310098943876
-0.003042747741351939 8.39701551750974
-0.0029593847895340777 5.997868226792671
-0.002876021837716216 13.195310098943947
-0.002792658885898355 19.193178325736646
-0.002709295934080494 25.19104655252922
-0.0026259329822626324 25.19104655252922
-0.002542570030444771 27.590193843246286
-0.0024592070786269094 38.38635665147329
-0.0023758441268090483 47.98294581434162
-0.002292481174991187 55.18038768649257
-0.0022091182231733257 47.98294581434137
-0.002125755271355464 73.17399236687098
-0.002042392319537603 57.57953497720965
-0.0019590293677197415 79.17186059366325
-0.00187566641590188 101.96375985547594
-0.001792303464084019 89.96802340189006
-0.0017089405122661574 119.95736453585405
-0.0016255775604482963 165.54116305947773
-0.0015422146086304348 158.3437211873265
-0.0014588516568125732 171.5390312862713
-0.0013754887049947121 170.33945764091186
-0.0012921257531768506 207.5262406470275
-0.0012087628013589895 199.12922512951667
-0.001125399849541128 230.3181399088386
-0.0010420368977232665 254.3096128160106
-0.0009586739459054054 239.91472907170686
-0.0008753109940875439 289.09724853140824
-0.0007919480422696828 295.0951167581994
-0.0007085850904518212 279.5006593685385
-0.0006252221386339597 298.69383769427657
-0.0005418591868160986 321.4857369560872
-0.0004584962349982371 349.0759307993353
-0.000375133283180376 285.49852759533263
-0.0002917703313625149 296.2946904035579
-0.00020840737954465338 363.47081454363587
-0.00012504442772679186 335.88062070038956
-4.168147590893033e-05 377.8656982879383
4.16814759089312e-05 368.26910912507384
0.00012504442772679186 340.6789152818237
0.00020840737954465338 359.87209360756026
0.0002917703313625149 346.6767835086164
0.00037513328318037643 331.08232611895545
0.00045849623499823796 370.66825641579095
0.0005418591868160986 310.68957414786036
0.0006252221386339601 279.5006593685385
0.0007085850904518217 272.3032174963873
0.0007919480422696832 266.3053492695946
0.0008753109940875447 247.1121709438606
0.0009586739459054054 236.31600813563125
0.001042036897723267 205.12709335630936
0.0011253998495411284 185.93391503057282
0.00120876280135899 196.73007783879962
0.0012921257531768515 172.73860493163073
0.0013754887049947121 149.94670566981677
0.0014588516568125737 141.54969015230705
0.0015422146086304352 128.35438005336317
0.0016255775604482967 123.55608547192902
0.0017089405122661583 104.36290714619356
0.001792303464084019 95.96589162868274
0.0018756664159018804 83.97015517509739
0.001959029367719742 64.77697684936085
0.0020423923195376035 67.17612414007792
0.002125755271355465 57.579534977210244
0.0022091182231733257 46.78337216898284
0.002292481174991187 43.184651232907235
0.0023758441268090487 35.987209360756026
0.0024592070786269103 27.590193843246286
0.0025425700304447718 32.38848842468076
0.0026259329822626324 16.79403103501948
0.002709295934080494 29.989341133963357
0.0027926588858983555 17.993604680378013
0.002876021837716217 13.195310098943876
0.0029593847895340785 4.798294581434186
0.003042747741351939 7.197441872151206
0.0031261106931698007 2.399147290717069
0.0032094736449876623 3.598720936075603
0.0032928365968055238 1.1995736453585344
0.0033761995486233853 9.596589162868373
0.003459562500441246 3.598720936075603
0.0035429254522591075 1.1995736453585466
0.003626288404076968 1.1995736453585217
0.0037096513558948305 1.1995736453585466
0.003793014307712691 1.1995736453585217
0.0038763772595305536 0.0
0.003959740211348414 1.1995736453585466
0.004043103163166275 0.0
0.004126466114984137 2.399147290717093
0.004209829066801998 
