-0.02758979418217348 0.18303869781177745
-0.027043461624110636 0.18303869781177862
-0.026497129066047797 0.3660773956235549
-0.025950796507984954 0.18303869781177862
-0.025404463949922115 0.5491160934353324
-0.024858131391859273 0.5491160934353324
-0.02431179883379643 0.36607739562355723
-0.02376546627573359 1.281270884682442
-0.02321913371767075 1.2812708846824503
-0.02267280115960791 0.9151934890588873
-0.022126468601545067 1.0982321868706648
-0.021580136043482225 1.2812708846824503
-0.021033803485419385 0.5491160934353324
-0.020487470927356543 1.098232186870672
-0.019941138369293704 1.281270884682442
-0.01939480581123086 2.1964643737413296
-0.01884847325316802 4.026851351859129
-0.01830214069510518 3.477735258423794
-0.01775580813704234 5.125083538729768
-0.017209475578979498 4.942044840917991
-0.016663143020916656 4.759006143106214
-0.016116810462853813 5.30812223654158
-0.015570477904790974 5.491160934353341
-0.015024145346728133 6.589393121224011
-0.014477812788665292 10.433205775271315
-0.01393148023060245 11.531437962142018
-0.013385147672539609 10.982321868706682
-0.012838815114476768 15.192211918377577
-0.012292482556413927 10.799283170894904
-0.011746149998351087 16.107405407436417
-0.011199817440288244 19.768179363672093
-0.010653484882225405 22.33072113303685
-0.010107152324162563 23.428953319907514
-0.00956081976609972 28.187959463013907
-0.009014487208036881 25.808456391460624
-0.008468154649974038 27.08972727614324
-0.0079218220919112 27.45580467176662
-0.007375489533848357 29.835307743319728
-0.006829156975785514 34.594313886426164
-0.006282824417722675 36.05862346892016
-0.005736491859659833 43.92928747482687
-0.005190159301596994 43.74624877701481
-0.004643826743534151 42.83105528795593
-0.004097494185471309 45.393597057321095
-0.0035511616274084695 50.51868059605058
-0.003004829069345627 42.46497789233264
-0.002458496511282788 49.78652580480347
-0.0019121639532199454 60.76884767351051
-0.0013658313951571063 50.15260320042702
-0.0008194988370942638 48.13917752449747
-0.00027316627903142127 53.63033845885114
0.0002731662790314178 54.72857064572147
0.0008194988370942603 53.44729976103935
0.0013658313951570994 50.884757991674135
0.001912163953219942 48.505254920121025
0.0024584965112827845 46.49182924419177
0.0030048290693456235 47.956138826685695
0.003551161627408466 46.308790546379996
0.004097494185471305 43.0140939857677
0.004643826743534148 36.60773956235549
0.00519015930159699 41.18370700764993
0.005736491859659833 44.29536487045071
0.006282824417722668 36.60773956235549
0.006829156975785511 30.933539930190392
0.007375489533848353 36.24166216673194
0.007921822091911196 29.10315295207262
0.008468154649974038 25.625417693649172
0.009014487208036874 23.79503071553107
0.009560819766099717 24.893262902401734
0.010107152324162559 20.317295457107296
0.010653484882225402 19.40210196804841
0.011199817440288244 17.2056375943073
0.01174614999835108 16.473482803059973
0.012292482556413922 15.009173220565753
0.012838815114476765 12.080554055577313
0.013385147672539607 10.982321868706647
0.01393148023060245 8.78585749496543
0.014477812788665285 6.955470516847544
0.015024145346728128 8.968896192777096
0.01557047790479097 4.209890049670882
0.016116810462853813 6.406354423412211
0.016663143020916656 4.759006143106275
0.01720947557897949 3.2946965606119942
0.017755808137042334 3.2946965606119942
0.018302140695105176 2.928619164988439
0.01884847325316802 2.1964643737413296
0.01939480581123086 2.3795030715531373
0.019941138369293697 1.6473482803059971
0.02048747092735654 1.6473482803059971
0.021033803485419382 0.5491160934353324
0.021580136043482225 1.281270884682442
0.022126468601545067 0.915193489058899
0.022672801159607903 0.9151934890588873
0.023219133717670745 1.0982321868706648
0.023765466275733588 0.9151934890588873
0.02431179883379643 0.1830386978117798
0.024858131391859266 0.0
0.02540446394992211 0.0
0.02595079650798495 0.3660773956235549
0.026497129066047793 0.3660773956235549
0.027043461624110636 0.18303869781177745
0.02758979418217348 
