-0.0035930879892744163 0.0
-0.0035219377320610617 2.8109525929086807
-0.0034507874748477066 1.4054762964543488
-0.003379637217634352 2.8109525929086976
-0.0033084869604209973 1.4054762964543488
-0.0032373367032076427 1.4054762964543404
-0.0031661864459942876 1.4054762964543488
-0.003095036188780933 2.8109525929086807
-0.003023885931567578 1.4054762964543488
-0.0029527356743542232 1.4054762964543488
-0.0028815854171408686 2.8109525929086976
-0.002810435159927514 14.054762964543404
-0.002739284902714159 7.0273814822717435
-0.0026681346455008042 9.83833407518038
-0.002596984388287449 5.621905185817395
-0.0025258341310740945 5.621905185817395
-0.00245468387386074 19.676668150360886
-0.0023835336166473852 18.271191853906533
-0.0023123833594340306 28.109525929086807
-0.0022412331022206755 33.731431114904375
-0.002170082845007321 37.94786000426719
-0.002098932587793966 30.920478521995676
-0.002027782330580611 53.40809926526526
-0.0019566320733672565 70.27381482271723
-0.0018854818161539017 67.46286222980854
-0.0018143315589405468 88.54500667662398
-0.0017431813017271922 91.35595926953239
-0.0016720310445138373 105.41072223407585
-0.0016008807873004825 105.41072223407618
-0.0015297305300871278 143.3585822383436
-0.0014585802728737732 146.16953483125138
-0.001387430015660418 133.52024816316316
-0.0013162797584470635 161.6297740922501
-0.0012451295012337088 198.17215780006197
-0.0011739792440203537 182.71191853906535
-0.001102828986806999 212.2269207646067
-0.0010316787295936445 234.71454150787486
-0.0009605284723802894 248.76930447241975
-0.0008893782151669347 236.1200178043306
-0.0008182279579535801 328.8814533703176
-0.0007470777007402255 319.0431192951352
-0.0006759274435268704 338.71978744549807
-0.0006047771863135157 354.18002670649594
-0.0005336269291001611 382.28955263558055
-0.00046247667188680603 362.61288448522197
-0.0003913264146734514 385.1005052284916
-0.00032017615746009675 393.53336300721526
-0.0002490259002467417 366.82931337458507
-0.00017787564303338704 449.7524148653916
-0.0001067253858200324 380.88407633912624
-3.557512860667732e-05 421.6428889363047
3.557512860667732e-05 418.83193634339597
0.00010672538582003196 404.77717337885
0.00017787564303338704 434.2921756043938
0.0002490259002467417 413.21003115757605
0.00032017615746009675 383.69502893203725
0.0003913264146734514 379.4786000426742
0.00046247667188680603 378.07312374621984
0.0005336269291001607 347.15264522422416
0.0006047771863135153 313.42121410931975
0.00067592744352687 307.79930892349864
0.0007470777007402255 245.95835187951104
0.0008182279579535801 265.6350200298719
0.0008893782151669347 290.9335933660502
0.0009605284723802894 275.47335410505235
0.001031678729593644 205.1995392823349
0.0011028289868069987 208.01049187524362
0.0011739792440203533 158.8188214993395
0.0012451295012337088 178.4954896497023
0.0013162797584470635 133.52024816316316
0.001387430015660418 147.57501112770663
0.0014585802728737727 132.1147718667088
0.0015297305300871274 123.6819140879827
0.001600880787300482 116.65453260570953
0.0016720310445138375 104.00524593762181
0.0017431813017271922 91.35595926953268
0.0018143315589405468 57.62452815462831
0.0018854818161539015 37.94786000426742
0.001956632073367256 57.62452815462831
0.0020277823305806107 40.75881259717612
0.0020989325877939654 33.73143111490396
0.002170082845007321 30.920478521995676
0.0022412331022206755 29.515002225541323
0.00231238335943403 15.460239260997838
0.002383533616647385 9.838334075180443
0.0024546838738607395 12.64928666808914
0.002525834131074094 15.46023926099765
0.0025969843882874496 12.64928666808914
0.0026681346455008042 9.838334075180443
0.002739284902714159 5.621905185817395
0.0028104351599275135 8.432857778726094
0.002881585417140868 7.0273814822717435
0.002952735674354223 0.0
0.0030238859315675783 4.216428889363047
0.003095036188780933 4.216428889363047
0.0031661864459942876 2.8109525929086976
0.0032373367032076422 1.4054762964543488
0.003308486960420997 1.4054762964543488
0.0033796372176343515 0.0
0.003450787474847706 1.4054762964543317
0.0035219377320610617 2.8109525929086976
0.0035930879892744163 
