-0.004732535099686868 1.0670813620239512
-0.004638821533356435 0.0
-0.004545107967026001 0.0
-0.004451394400695569 0.0
-0.004357680834365135 0.0
-0.0042639672680347025 0.0
-0.00417025370170427 0.0
-0.004076540135373836 2.1341627240479024
-0.003982826569043404 0.0
-0.0038891130027129705 1.0670813620239463
-0.0037953994363825374 0.0
-0.0037016858700521047 0.0
-0.003607972303721671 1.0670813620239512
-0.0035142587373912385 2.1341627240478926
-0.0034205451710608054 2.1341627240478926
-0.0033268316047303723 1.0670813620239512
-0.0032331180383999396 2.1341627240478824
-0.003139404472069506 3.2012440860718536
-0.0030456909057390734 5.335406810119731
-0.0029519773394086402 5.335406810119731
-0.002858263773078207 8.53665089619161
-0.0027645502067477744 13.8720577063113
-0.0026708366404173413 18.140383154407086
-0.0025771230740869082 14.939139068335248
-0.002483409507756475 22.408708602502873
-0.002389695941426042 16.006220430359267
-0.0022959823750956093 37.34784767083812
-0.002202268808765176 42.68325448095785
-0.002108555242434743 52.28698673917337
-0.00201484167610431 65.09196308346102
-0.0019211281097738773 66.15904444548467
-0.0018274145434434442 90.70191577203543
-0.001733700977113011 103.50689211632279
-0.001639987410782578 115.24478709858622
-0.0015462738444521448 128.04976344287414
-0.0014525602781217122 166.46469247573563
-0.001358846711791279 175.0013433719272
-0.001265133145460846 175.0013433719272
-0.0011714195791304128 198.47713333645493
-0.0010777060127999801 240.09330645538793
-0.000983992446469547 259.30077097181896
-0.0008902788801391139 269.9715845920597
-0.0007965653138086812 313.7219204350388
-0.0007028517474782477 309.45359498694586
-0.000609138181147815 301.9840254527754
-0.0005154246148173815 369.21015126028715
-0.0004217110484869488 375.61263943243085
-0.0003279974821565161 392.68594122481045
-0.00023428391582608257 367.0759885362392
-0.00014057034949564989 383.0822089665949
-4.685678316521634e-05 423.6313007235087
4.685678316521634e-05 396.95426667290985
0.00014057034949564902 399.0884293969541
0.00023428391582608257 372.411395346359
0.00032799748215651525 347.8685240198081
0.0004217110484869479 313.7219204350388
0.0005154246148173815 328.661059503377
0.0006091381811478142 327.59397814134996
0.0007028517474782477 290.24613047051474
0.0007965653138086804 253.9653641617004
0.0008902788801391131 289.17904910848813
0.0009839924464695466 213.41627240479025
0.0010777060127999793 217.68459785288405
0.0011714195791304128 196.34297061240704
0.0012651331454608455 185.67215699216752
0.0013588467117912782 157.9280415795433
0.0014525602781217117 147.25722795930525
0.0015462738444521444 131.25100752894477
0.001639987410782578 99.23856666822746
0.0017337009771130106 90.70191577203586
0.0018274145434434433 71.49445125560406
0.0019211281097738769 58.68947491131732
0.0020148416761043095 48.01866129107736
0.002108555242434743 28.81119677464668
0.0022022688087651758 32.012440860718534
0.0022959823750956085 32.012440860718236
0.002389695941426042 16.006220430359267
0.0024834095077564747 9.603732258215562
0.0025771230740869074 20.274545878454887
0.002670836640417341 12.804976344287414
0.0027645502067477736 8.53665089619153
0.002858263773078207 6.402488172143707
0.00295197733940864 4.268325448095805
0.0030456909057390725 7.469569534167659
0.003139404472069505 4.268325448095726
0.0032331180383999396 2.1341627240479024
0.0033268316047303723 3.2012440860718536
0.003420545171060805 0.0
0.0035142587373912376 0.0
0.0036079723037216703 1.0670813620239314
0.0037016858700521047 0.0
0.0037953994363825374 0.0
0.00388911300271297 0.0
0.003982826569043403 1.0670813620239512
0.004076540135373835 0.0
0.00417025370170427 0.0
0.0042639672680347025 1.0670813620239512
0.004357680834365135 0.0
0.004451394400695568 0.0
0.0045451079670260006 0.0
0.004638821533356435 0.0
0.004732535099686868 
