-0.004183555474094885 1.207107215685379
-0.004100712791439541 0.0
-0.004017870108784197 1.207107215685379
-0.0039350274261288525 1.207107215685379
-0.0038521847434735083 1.207107215685379
-0.003769342060818164 0.0
-0.00368649937816282 3.621321647056118
-0.003603656695507475 3.6213216470561367
-0.003520814012852131 1.207107215685379
-0.0034379713301967867 1.207107215685379
-0.0033551286475414425 2.414214431370758
-0.0032722859648860983 1.207107215685379
-0.003189443282230754 0.0
-0.00310660059957541 3.621321647056118
-0.0030237579169200652 2.414214431370758
-0.002940915234264721 9.656857725483032
-0.002858072551609377 9.656857725483032
-0.0027752298689540326 16.899501019595306
-0.0026923871862986884 14.485286588224547
-0.002609544503643344 24.142144313707583
-0.002526701820988 26.55635874507834
-0.0024438591383326557 31.384787607819856
-0.0023610164556773115 35.006109254875994
-0.0022781737730219673 39.834538117617505
-0.002195331090366623 53.11271749015668
-0.002112488407711279 51.90561027447129
-0.0020296457250559346 73.63354015680774
-0.00194680304240059 83.29039788229115
-0.0018639603597452458 100.18989890188645
-0.0017811176770899015 105.01832776462797
-0.0016982749944345573 106.22543498031337
-0.001615432311779213 141.23154423518935
-0.0015325896291238689 140.02443701950398
-0.0014497469464685247 135.19600815676245
-0.0013669042638131805 165.37368854889692
-0.0012840615811578362 185.8945112155484
-0.001201218898502492 204.00111945082907
-0.0011183762158471478 201.58690501945725
-0.0010355335331918031 218.48640603905363
-0.0009526908505364589 245.04276478413195
-0.0008698481678811147 270.3920163135249
-0.0007870054852257705 298.15548227428866
-0.0007041628025704263 309.01944721545703
-0.0006213201199150821 316.2620905095693
-0.0005384774372597378 358.51084305855755
-0.00045563475460439363 388.68852345069206
-0.0003727920719490494 344.025556470333
-0.0002899493892937052 391.1027378820628
-0.00020710670663836098 354.88952141150145
-0.00012426402398301676 348.85398533307455
-4.142134132767254e-05 399.55248839186044
4.1421341327671675e-05 337.99002039190617
0.0001242640239830159 360.92505748992835
0.0002071067066383601 391.1027378820587
0.0002899493892937052 335.5758059605354
0.0003727920719490494 345.2326636860184
0.00045563475460439363 309.01944721545703
0.0005384774372597378 318.67630494094004
0.0006213201199150821 333.1615915291646
0.0007041628025704263 288.4986245488056
0.0007870054852257705 284.87730290174943
0.0008698481678811147 252.28540807824425
0.0009526908505364589 229.350370980222
0.0010355335331918031 219.69351325473897
0.0011183762158471474 237.80012149001965
0.0012012188985024916 189.5158328626045
0.0012840615811578358 172.6163318430092
0.00136690426381318 155.7168308234139
0.0014497469464685242 162.95947411752618
0.0015325896291238685 123.12493599990867
0.0016154323117792127 120.7107215685379
0.0016982749944345569 94.15436282345956
0.001781117677089901 94.15436282345956
0.0018639603597452453 88.11882674503266
0.0019468030424005895 65.18378964700979
0.0020296457250559346 60.35536078426895
0.002112488407711279 53.11271749015668
0.002195331090366623 39.834538117617505
0.0022781737730219673 31.384787607819856
0.0023610164556773115 33.79900203919061
0.0024438591383326557 22.9350370980222
0.002526701820988 21.72792988233682
0.002609544503643344 15.692393803909928
0.0026923871862986884 14.485286588224547
0.0027752298689540326 6.035536078426896
0.002858072551609377 4.828428862741516
0.002940915234264721 4.828428862741516
0.0030237579169200652 6.035536078426896
0.0031066005995754094 3.6213216470561367
0.0031894432822307537 9.656857725483032
0.003272285964886098 2.414214431370758
0.003355128647541442 1.207107215685379
0.0034379713301967863 3.6213216470561367
0.0035208140128521305 1.207107215685379
0.0036036566955074747 0.0
0.00368649937816282 0.0
0.003769342060818163 1.2071072156853664
0.0038521847434735083 0.0
0.003935027426128852 0.0
0.004017870108784197 0.0
0.00410071279143954 1.2071072156853664
0.004183555474094885 
