-0.007262911703687139 0.6953134233252856
-0.00711909166995076 2.085940269975869
-0.006975271636214381 0.0
-0.006831451602478002 0.0
-0.0066876315687416235 1.3906268466505711
-0.006543811535005244 0.6953134233252898
-0.006399991501268866 0.6953134233252856
-0.006256171467532486 0.6953134233252856
-0.006112351433796107 2.781253693301159
-0.005968531400059728 0.6953134233252898
-0.00582471136632335 2.7812536933011422
-0.0056808913325869705 8.343761079903427
-0.005537071298850591 7.6484476565781865
-0.005393251265114213 9.734387926553998
-0.005249431231377833 4.867193963277027
-0.005105611197641455 6.25782080992757
-0.004961791163905075 9.039074503228711
-0.004817971130168696 13.210955043180505
-0.0046741510964323175 10.429701349879346
-0.004530331062695939 15.296895313156282
-0.00438651102895956 23.64065639305971
-0.00424269099522318 24.335969816384996
-0.004098870961486801 26.42191008636101
-0.003955050927750422 27.812536933011504
-0.0038112308940140434 41.71880539951726
-0.0036674108602776645 41.02349197619197
-0.0035235908265412856 44.50005909281841
-0.0033797707928049066 41.71880539951713
-0.0032359507590685272 73.00790944915542
-0.0030921307253321487 65.35946179257684
-0.0029483106915957694 76.48447656578188
-0.002804490657859391 77.87510341243198
-0.0026606706241230115 91.78137187893769
-0.002516850590386632 95.95325241888997
-0.0023730305566502536 114.03140142534683
-0.0022292105229138742 102.2110732288176
-0.0020853904891774957 125.85172962187669
-0.0019415704554411163 124.46110277522686
-0.0017977504217047378 122.37516250525026
-0.0016539303879683585 143.929878628335
-0.00151011035423198 173.82835583132137
-0.0013662903204956006 157.83614709483982
-0.0012224702867592212 179.39086321792473
-0.0010786502530228427 171.74241556134552
-0.0009348302192864633 193.99244510775583
-0.0007910101855500848 185.64868402785123
-0.0006471901518137054 198.16432564770759
-0.0005033701180773269 188.42993772115238
-0.00035955008434094757 191.9065048377788
-0.0002157300506045682 193.99244510775583
-7.191001686818969e-05 220.4143551941155
7.191001686818969e-05 203.0315196109846
0.0002157300506045682 187.73462429782708
0.00035955008434094757 181.4768034879006
0.0005033701180773261 195.38307195440524
0.0006471901518137054 180.78149006457423
0.0007910101855500848 176.60960952462253
0.0009348302192864642 175.21898267797405
0.0010786502530228418 157.1408336715145
0.0012224702867592212 173.1330424079961
0.0013662903204956006 166.87522159806852
0.00151011035423198 143.23456520501054
0.0016539303879683576 136.28143097175598
0.001797750421704737 126.54704304520197
0.0019415704554411163 108.46889403874455
0.0020853904891774957 123.07047592857555
0.002229210522913875 109.85952088539645
0.0023730305566502527 83.43761079903426
0.002516850590386632 79.96104368240783
0.0026606706241230115 84.13292422235955
0.002804490657859391 63.968834945927036
0.0029483106915957685 62.5782080992757
0.003092130725332148 43.804745669492995
0.0032359507590685272 59.101640982649265
0.0033797707928049066 39.63286512954127
0.003523590826541286 34.0703577429394
0.0036674108602776636 29.89847720298728
0.003811230894014043 26.421910086360853
0.003955050927750422 27.812536933011422
0.004098870961486802 20.164089276433522
0.004242690995223179 15.992208736481567
0.004386511028959559 16.687522159806853
0.004530331062695938 15.992208736481567
0.0046741510964323175 15.992208736481567
0.004817971130168697 7.648447656578233
0.0049617911639050745 8.343761079903427
0.005105611197641454 6.953134233252856
0.005249431231377833 6.953134233252856
0.005393251265114213 7.648447656578141
0.005537071298850592 1.3906268466505878
0.00568089133258697 1.3906268466505711
0.005824711366323349 2.0859402699758567
0.005968531400059728 0.0
0.006112351433796108 1.3906268466505878
0.006256171467532485 0.6953134233252856
0.006399991501268865 0.0
0.006543811535005244 0.6953134233252856
0.0066876315687416235 2.7812536933011422
0.006831451602478003 0.6953134233252939
0.0069752716362143806 1.3906268466505711
0.00711909166995076 1.3906268466505711
0.007262911703687139 
