-0.005907541914962115 0.8548394700695715
-0.005790560886943063 0.0
-0.0056735798589240116 0.0
-0.00555659883090496 0.0
-0.005439617802885908 0.0
-0.005322636774866857 1.7096789401391304
-0.005205655746847804 0.0
-0.005088674718828753 0.0
-0.004971693690809701 0.8548394700695715
-0.004854712662790649 2.5645184102087146
-0.0047377316347715975 0.8548394700695715
-0.004620750606752546 5.129036820417429
-0.004503769578733494 5.983876290487001
-0.004386788550714442 4.274197350347857
-0.00426980752269539 7.693555230626144
-0.004152826494676338 1.7096789401391557
-0.004035845466657287 7.693555230626087
-0.0039188644386382344 6.838715760556599
-0.003801883410619183 13.677431521113197
-0.0036849023826001316 13.677431521113144
-0.0035679213545810797 16.241949931321862
-0.003450940326562028 25.645184102087146
-0.003333959298542976 24.790344632017575
-0.003216978270523924 26.500023572156717
-0.0030999972425048723 29.919381452435115
-0.002983016214485821 38.46777615313072
-0.002866035186466769 42.741973503478576
-0.002749054158447717 49.58068926403515
-0.0026320731304286652 49.58068926403515
-0.0025150921024096134 70.95167601577471
-0.002398111074390562 86.33878647702673
-0.00228113004637151 75.2258733661223
-0.002164149018352458 109.41945216890515
-0.0020471679903334063 90.61298382737458
-0.0019301869623143545 130.79043892064445
-0.0018132059342953026 131.64527839071403
-0.0016962249062762507 121.38720474987917
-0.0015792438782571989 151.3065862023153
-0.0014622628502381479 176.95177030440132
-0.001345281822219096 184.64532553502744
-0.0012283007942000441 195.7582386459319
-0.0011113197661809923 208.58083069697545
-0.0009943387381619404 221.40342274801904
-0.0008773577101428886 243.62924896982793
-0.0007603766821238367 244.48408843989745
-0.0006433956541047848 221.40342274801904
-0.000526414626085733 240.20989108954961
-0.0004094335980666811 278.67766724268034
-0.00029245257004762923 263.29055678143
-0.00017547154202857823 287.22606194337607
-5.8490514009526366e-05 257.30668049094106
5.84905140095255e-05 268.41959360184546
0.00017547154202857736 268.41959360184546
0.00029245257004762923 262.4357173113585
0.0004094335980666811 259.8711989011498
0.000526414626085733 246.1937673800366
0.0006433956541047848 246.1937673800366
0.0007603766821238367 215.41954645753205
0.0008773577101428886 231.66149638885562
0.0009943387381619396 237.64537267934088
0.0011113197661809914 195.7582386459319
0.0012283007942000433 170.9678940139143
0.0013452818222190951 188.06468341530575
0.001462262850238147 155.58078355266204
0.0015792438782571989 138.4839941512706
0.0016962249062762507 121.38720474987917
0.0018132059342953026 117.11300739953218
0.0019301869623143536 115.4033284593913
0.0020471679903334063 91.46782329744484
0.0021641490183524573 99.16137852806956
0.00228113004637151 89.75814435730568
0.002398111074390561 68.38715760556522
0.002515092102409614 67.53231813549667
0.002632073130428665 58.12908396473044
0.0027490541584477175 42.741973503478896
0.0028660351864667685 38.467776153131005
0.0029830162144858195 24.79034463201739
0.0030999972425048723 32.48389986264396
0.0032169782705239233 25.645184102086954
0.003333959298542976 17.951628871461136
0.003450940326562027 16.241949931321738
0.0035679213545810797 11.112913110904513
0.0036849023826001307 11.967752580973913
0.0038018834106191834 7.693555230626201
0.0039188644386382344 11.967752580973913
0.004035845466657287 6.838715760556623
0.004152826494676338 0.8548394700695778
0.004269807522695389 3.4193578802782607
0.004386788550714442 2.5645184102087337
0.004503769578733493 2.564518410208696
0.004620750606752546 2.5645184102087337
0.004737731634771597 0.8548394700695652
0.004854712662790649 3.4193578802783113
0.0049716936908097 0.8548394700695652
0.005088674718828753 0.8548394700695778
0.005205655746847804 0.0
0.005322636774866857 0.0
0.005439617802885908 0.0
0.005556598830904959 0.0
0.0056735798589240116 0.0
0.0057905608869430625 0.8548394700695652
0.005907541914962115 
