-0.0075227138902665735 0.6713002878567595
-0.007373749258776146 0.0
-0.007224784627285719 0.6713002878567635
-0.007075819995795292 0.0
-0.006926855364304865 2.013900863570279
-0.0067778907328144376 0.6713002878567595
-0.00662892610132401 1.342600575713519
-0.006479961469833583 0.6713002878567595
-0.0063309968383431555 1.342600575713527
-0.006182032206852729 1.342600575713519
-0.006033067575362302 2.013900863570279
-0.005884102943871874 3.3565014392837984
-0.005735138312381447 4.027801727140582
-0.0055861736808910205 3.3565014392837984
-0.005437209049400593 4.027801727140558
-0.005288244417910166 4.699102014997317
-0.005139279786419738 8.726903742137875
-0.004990315154929311 10.740804605708153
-0.004841350523438884 14.768606332848712
-0.004692385891948456 12.754705469278507
-0.00454342126045803 20.81030892355955
-0.0043944566289676025 16.11120690856223
-0.004245491997477175 16.111206908562327
-0.004096527365986749 19.467708347846028
-0.003947562734496321 20.810308923559486
-0.0037985981030058936 30.20851295355427
-0.0036496334715154666 40.278017271405574
-0.0035006688400250393 46.319719862116415
-0.003351704208534612 42.29191813497586
-0.0032027395770441846 51.690122164970795
-0.003053774945553758 71.82913080067328
-0.0029048103140633308 64.44482763424892
-0.0027558456825729034 71.82913080067328
-0.002606881051082476 91.29683914851931
-0.0024579164195920487 100.69504317851452
-0.002308951788101622 112.10714807207884
-0.002159987156611195 113.44974864779238
-0.0020110225251207675 109.42194692065182
-0.0018620578936303402 123.51925296564377
-0.0017130932621399128 153.72776591919884
-0.0015641286306494863 147.68606332848714
-0.001415163999159059 167.15377167633315
-0.0012661993676686316 169.16767253990344
-0.0011172347361782043 171.85287369133044
-0.0009682701046877769 185.9501797363224
-0.0008193054731973496 200.04748578131552
-0.0006703408417069231 196.6909843420306
-0.0005213762102164957 195.34838376631703
-0.0003724115787260684 201.3900863570279
-0.00022344694723564103 198.70488520560085
-7.448231574521368e-05 200.7187860691723
7.448231574521281e-05 209.445689811309
0.00022344694723564016 208.77438952345224
0.0003724115787260675 187.29278031203594
0.0005213762102164949 208.10308923559546
0.0006703408417069222 210.78829038702253
0.0008193054731973496 191.3205820391765
0.0009682701046877769 179.23717685775483
0.0011172347361782043 172.52417397918921
0.0012661993676686299 173.19547426704398
0.0014151639991590572 151.71386505562768
0.0015641286306494846 144.32956188920332
0.001713093262139912 148.35736361634386
0.0018620578936303393 124.19055325350054
0.0020110225251207666 134.26005757135192
0.002159987156611194 100.02374289065718
0.0023089517881016213 91.96813943637608
0.0024579164195920487 85.25513655780847
0.002606881051082476 85.25513655780847
0.0027558456825729034 64.44482763424968
0.002904810314063329 67.13002878567596
0.0030537749455537564 42.96321842283261
0.0032027395770441837 55.046623604254286
0.003351704208534611 34.9076149685515
0.0035006688400250384 32.22241381712446
0.0036496334715154658 28.865912377840665
0.003798598103005893 21.481609211416306
0.0039475627344963205 16.78250719641899
0.004096527365986748 18.12510777213251
0.004245491997477175 17.453807484275952
0.004394456628967601 11.412104893564914
0.004543421260458028 11.412104893564914
0.0046923858919484555 10.740804605708153
0.004841350523438883 8.726903742137875
0.00499031515492931 4.027801727140558
0.0051392797864197376 8.055603454281115
0.005288244417910165 6.041702590710837
0.005437209049400592 6.041702590710837
0.00558617368089102 0.6713002878567595
0.005735138312381447 4.027801727140558
0.005884102943871874 2.0139008635703024
0.0060330675753623 0.0
0.006182032206852727 1.342600575713519
0.006330996838343155 1.342600575713519
0.006479961469833582 0.6713002878567595
0.006628926101324009 0.0
0.006777890732814437 0.0
0.006926855364304864 0.0
0.007075819995795291 0.6713002878567595
0.007224784627285719 0.0
0.007373749258776146 2.013900863570279
0.0075227138902665735 
