-0.02694527342212857 0.0
-0.02641170365139335 0.0
-0.02587813388065813 0.0
-0.02534456410992291 0.0
-0.024810994339187695 0.1874169143094583
-0.024277424568452475 0.0
-0.023743854797717255 0.0
-0.023210285026982035 0.1874169143094583
-0.022676715256246815 0.18741691430945953
-0.0221431454855116 0.18741691430945706
-0.021609575714776376 0.0
-0.02107600594404116 0.7496676572378332
-0.02054243617330594 0.3748338286189166
-0.02000886640257072 0.5622507429283748
-0.0194752966318355 0.7496676572378332
-0.01894172686110028 1.8741691430945953
-0.018408157090365064 1.874169143094571
-0.01787458731962984 3.373504457570271
-0.017341017548894624 2.061586057404041
-0.016807447778159405 1.874169143094583
-0.016273878007424185 5.997341257902705
-0.01574030823668897 3.9357552004986114
-0.015206738465953747 5.622507429283749
-0.014673168695218527 5.06025668635539
-0.014139598924483309 6.372175086521582
-0.01360602915374809 5.997341257902666
-0.01307245938301287 9.558262629782373
-0.01253888961227765 9.933096458401323
-0.012005319841542432 10.495347201329665
-0.011471750070807212 13.306600915971583
-0.010938180300071994 13.681434744590456
-0.010404610529336774 17.804606859398536
-0.009871040758601554 20.80327748834987
-0.009337470987866334 27.17545257487145
-0.008803901217131115 23.23969737437283
-0.008270331446395895 26.98803566056217
-0.007736761675660678 32.7979600041552
-0.007203191904925459 39.357552004986246
-0.006669622134190239 40.107219662224075
-0.006136052363455019 39.5449689192957
-0.005602482592719799 40.48205349084299
-0.005068912821984579 44.98005943427028
-0.004535343051249363 45.917144005817285
-0.004001773280514143 47.41647932029295
-0.0034682035097789235 47.6038962346024
-0.0029346337390437037 52.289319092338864
-0.002401063968308484 58.8489110931699
-0.001867494197573264 61.84758172212164
-0.0013339244268380478 60.535663321955035
-0.000800354656102828 62.22241555074016
-0.00026678488536760817 57.91182652162261
0.00026678488536761163 62.0349986364307
0.0008003546561028314 65.22108617969148
0.0013339244268380512 58.28666035024153
0.001867494197573271 63.909167779525696
0.0024010639683084874 62.59724937935907
0.002934633739043707 49.852899206315904
0.003468203509778927 56.03765737852803
0.004001773280514147 48.16614697753078
0.004535343051249367 45.542310177198665
0.005068912821984583 47.6038962346021
0.005602482592719806 36.92113211896353
0.0061360523634550225 40.48205349084273
0.006669622134190246 34.48471223294055
0.007203191904925462 33.54762766139325
0.007736761675660678 25.11386651746725
0.008270331446395902 29.23703863227568
0.008803901217131118 25.301283431776707
0.009337470987866341 23.23969737437298
0.009871040758601558 17.429773030779508
0.010404610529336781 16.6801053735419
0.010938180300071997 11.24501485856757
0.011471750070807214 12.556933258733626
0.012005319841542437 8.433761143925679
0.012538889612277653 7.684093486687741
0.013072459383012876 6.559592000831083
0.013606029153748093 5.247673600664866
0.014139598924483309 5.80992434359317
0.014673168695218532 3.5609213718797306
0.015206738465953749 3.560921371879685
0.015740308236688972 3.93575520049865
0.01627387800742419 1.4993353144756565
0.01680744777815941 1.8741691430945953
0.017341017548894628 1.6867522287851355
0.017874587319629844 0.9370845715472855
0.018408157090365068 1.3119184001662165
0.018941726861100284 1.3119184001661994
0.019475296631835507 0.0
0.020008866402570723 0.3748338286189141
0.020542436173305947 0.9370845715472976
0.021076005944041163 1.3119184001662165
0.02160957571477638 0.0
0.022143145485511603 0.0
0.02267671525624682 0.0
0.023210285026982042 0.0
0.02374385479771726 0.0
0.024277424568452475 0.18741691430945706
0.024810994339187698 0.0
0.025344564109922915 0.0
0.025878133880658138 0.18741691430945953
0.026411703651393354 0.18741691430945953
0.02694527342212857 
