-0.05418347059403882 0.09320185555916717
-0.053110530582275675 0.0
-0.052037590570512535 0.0
-0.05096465055874939 0.0
-0.04989171054698624 0.0
-0.0488187705352231 0.0
-0.04774583052345995 0.0
-0.046672890511696805 0.0
-0.045599950499933664 0.0
-0.04452701048817052 0.0
-0.04345407047640737 0.09320185555916778
-0.04238113046464423 0.09320185555916717
-0.04130819045288108 0.2796055666775015
-0.040235250441117934 0.09320185555916778
-0.039162310429354794 0.3728074222366687
-0.038089370417591646 0.3728074222366687
-0.0370164304058285 0.4660092777958389
-0.03594349039406536 0.18640371111833434
-0.03487055038230221 0.6524129889141703
-0.033797610370539063 0.4660092777958389
-0.03272467035877592 0.6524129889141703
-0.031651730347012776 0.7456148444733399
-0.03057879033524963 1.3048259778283446
-0.029505850323486488 1.3048259778283406
-0.02843291031172334 2.0504408223016846
-0.027359970299960196 1.957238966742517
-0.026287030288197052 2.330046388979187
-0.02521409027643391 3.355266800130018
-0.02414115026467076 4.287285355721704
-0.023068210252907617 5.871716900227533
-0.02199527024114447 7.176542878055919
-0.02092233022938133 7.362946589174207
-0.019849390217618182 7.642552155851708
-0.018776450205855034 9.786194833712617
-0.017703510194091894 9.786194833712553
-0.016630570182328747 13.793874622756743
-0.0155576301705656 14.259883900552671
-0.014484690158802459 17.428746989564264
-0.013411750147039311 17.428746989564264
-0.012338810135276164 19.851995234102738
-0.011265870123513023 21.716032345285953
-0.010192930111749876 24.884895434297636
-0.009119990099986729 25.071299145416134
-0.008047050088223588 28.333364089986823
-0.006974110076460441 29.544988212255994
-0.005901170064697293 32.80705315682706
-0.004828230052934153 33.179860579063515
-0.0037552900411710055 32.71385130126768
-0.002682350029407858 34.57788841245125
-0.0016094100176447176 30.290603056729335
-0.0005364700058815702 34.57788841245125
0.0005364700058815702 35.32350325692436
0.0016094100176447176 33.45946614574102
0.002682350029407865 37.187540368107946
0.0037552900411710055 33.27306243462269
0.004828230052934153 32.06143831235351
0.0059011700646973 32.43424573459039
0.006974110076460441 25.537308423211808
0.008047050088223588 25.910115845448644
0.009119990099986729 25.723712134329975
0.010192930111749883 20.784013789694416
0.011265870123513023 20.784013789694416
0.012338810135276164 19.94519708966165
0.013411750147039318 16.030719156176858
0.014484690158802459 13.141461633842656
0.0155576301705656 11.557030089336655
0.016630570182328754 12.302644933810148
0.017703510194091894 10.625011533745129
0.018776450205855034 7.5493503002924935
0.01984939021761819 6.803735455819249
0.02092233022938133 5.03290020019506
0.02199527024114447 5.498909477990828
0.023068210252907624 3.728074222366711
0.024141150264670765 3.8212760779258788
0.025214090276433905 3.3552668001299972
0.02628703028819706 1.9572389667425236
0.0273599702999602 2.0504408223016912
0.02843291031172334 1.957238966742498
0.029505850323486495 1.3980278333875167
0.030578790335249635 0.83881670003251
0.031651730347012776 0.7456148444733326
0.03272467035877593 0.3728074222366711
0.03379761037053907 0.3728074222366711
0.03487055038230221 0.09320185555916657
0.035943490394065365 0.27960556667750336
0.037016430405828506 0.27960556667750336
0.038089370417591646 0.18640371111833315
0.0391623104293548 0.0
0.04023525044111794 0.0
0.04130819045288108 0.0
0.042381130464644236 0.0
0.043454070476407376 0.09320185555916778
0.04452701048817052 0.0
0.04559995049993367 0.18640371111833556
0.04667289051169681 0.0
0.04774583052345995 0.09320185555916657
0.048818770535223106 0.0
0.04989171054698625 0.0
0.05096465055874939 0.0
0.05203759057051253 0.0
0.05311053058227568 0.0
0.05418347059403882 
