-0.1057896324626168 0.0
-0.10369478825543627 0.0
-0.10159994404825574 0.0
-0.09950509984107521 0.0
-0.09741025563389467 0.0
-0.09531541142671415 0.0
-0.09322056721953362 0.0
-0.09112572301235308 0.047736246761085246
-0.08903087880517255 0.0
-0.08693603459799203 0.0
-0.08484119039081149 0.04773624676108556
-0.08274634618363097 0.0
-0.08065150197645043 0.0
-0.0785566577692699 0.047736246761085246
-0.07646181356208936 0.0
-0.07436696935490883 0.0
-0.07227212514772831 0.09547249352217112
-0.07017728094054779 0.09547249352217049
-0.06808243673336725 0.14320874028325573
-0.06598759252618672 0.28641748056651145
-0.06389274831900618 0.1909449870443416
-0.061797904111825654 0.6683074546551956
-0.059703059904645125 0.6205712078941081
-0.05760821569746459 1.0024611819827935
-0.05551337149028406 0.5728349611330248
-0.053418527283103534 1.384351156071472
-0.051323683075923 1.3843511560714765
-0.04922883886874247 1.9094498704434162
-0.04713399466156194 2.1958673510099214
-0.04503915045438141 2.339076091293177
-0.04294430624720087 2.8164385589040477
-0.04084946204002035 3.6756910006035635
-0.038754617832839816 4.00984472793116
-0.03665977362565928 5.203250896958326
-0.03456492941847876 5.441932130763718
-0.032470085211298225 5.728349611330229
-0.03037524100411769 7.733271975295859
-0.02828039679693717 8.067425702623407
-0.026185552589756633 8.831205650800769
-0.024090708382576098 9.499513105455964
-0.021995864175395563 12.650105391687672
-0.019901019968215042 12.936522872254102
-0.017806175761034507 13.318412846342783
-0.01571133155385397 13.509357833387213
-0.01361648734667345 16.46900513257441
-0.011521643139492915 15.943906418202472
-0.00942679893231238 15.80069767791932
-0.007331954725131859 16.46900513257441
-0.005237110517951324 18.282982509495646
-0.0031422663107707888 18.235246262734684
-0.0010474221035902676 19.04676245767301
0.0010474221035902676 20.717531094310996
0.0031422663107708027 17.137312587229715
0.005237110517951324 18.092037522451307
0.007331954725131859 17.996565028929137
0.009426798932312394 16.803158859902116
0.011521643139492915 15.705225184397044
0.01361648734667345 16.325796392291153
0.015711331553853985 12.984259119015185
0.01780617576103452 11.456699222660458
0.019901019968215056 11.647644209704954
0.021995864175395563 10.883864261527435
0.024090708382576098 7.971953209101236
0.026185552589756633 9.404040611933793
0.02828039679693717 6.635338299790848
0.030375241004117703 5.394195884002633
0.03247008521129824 5.060042156675036
0.034564929418478774 4.534943442303159
0.03665977362565928 4.200789714975501
0.038754617832839816 2.8641748056651144
0.04084946204002035 3.2460647797537963
0.042944306247200886 1.9571861172044949
0.04503915045438142 1.5275598963547279
0.047133994661561956 2.1958673510099502
0.049228838868742464 1.2888786625493016
0.051323683075923 0.6683074546551934
0.053418527283103534 0.8115161949384491
0.05551337149028407 0.3341537273275967
0.057608215697464604 0.7160437014162786
0.05970305990464514 0.5728349611330229
0.061797904111825674 0.38188997408868697
0.06389274831900618 0.2386812338054262
0.06598759252618672 0.38188997408868197
0.06808243673336725 0.19094498704434099
0.07017728094054779 0.0
0.07227212514772832 0.09547249352217049
0.07436696935490886 0.09547249352217174
0.07646181356208936 0.0
0.0785566577692699 0.0
0.08065150197645043 0.0
0.08274634618363097 0.047736246761085246
0.0848411903908115 0.047736246761085246
0.08693603459799204 0.0
0.08903087880517255 0.0
0.09112572301235308 0.0
0.09322056721953362 0.0
0.09531541142671415 0.0
0.09741025563389469 0.0
0.09950509984107522 0.0
0.10159994404825576 0.0
0.10369478825543627 0.047736246761085246
0.1057896324626168 
