-0.003747430760164076 0.0
-0.003673224210457857 2.6951798836058405
-0.0035990176607516374 0.0
-0.003524811111045418 2.695179883605856
-0.003450604561339199 1.3475899418029202
-0.0033763980116329794 4.042769825408785
-0.00330219146192676 1.347589941802928
-0.003227984912220541 2.6951798836058405
-0.0031537783625143214 4.042769825408785
-0.003079571812808102 9.43312959262044
-0.0030053652631018826 5.390359767211712
-0.0029311587133956634 5.390359767211712
-0.0028569521636894442 5.390359767211712
-0.002782745613983225 12.128309476226281
-0.0027085390642770054 16.17107930163514
-0.0026343325145707862 17.518669243437962
-0.0025601259648645666 22.909029010649775
-0.0024859194151583474 18.866259185240995
-0.0024117128654521282 25.60420889425563
-0.002337506315745909 25.604208894255486
-0.0022632997660396894 32.34215860327028
-0.0021890932163334703 40.42769825408761
-0.0021148866666272506 51.20841778851126
-0.0020406801169210315 45.81805802129955
-0.0019664735672148123 56.59877755572281
-0.0018922670175085929 63.33672726473743
-0.0018180604678023735 72.76985685735812
-0.0017438539180961543 84.89816633358397
-0.0016696473683899347 114.54514505324887
-0.0015954408186837155 109.15478528603718
-0.0015212342689774963 130.71622435488325
-0.0014470277192712767 130.71622435488402
-0.0013728211695650575 156.32043324913965
-0.0012986146198588383 157.66802319094165
-0.0012244080701526187 207.52885103765092
-0.0011502015204463995 200.7909013286363
-0.0010759949707401803 234.4806498737081
-0.0010017884210339607 254.6944990007534
-0.0009275818713277415 249.30413923354166
-0.0008533753216215224 265.47521853517526
-0.0007791687719153027 284.3414777204178
-0.0007049622222090835 304.55532684746174
-0.0006307556725028644 358.4589245195768
-0.0005565491227966447 330.1595357417174
-0.00048234257309042556 355.763744635973
-0.0004081360233842064 386.7583132974381
-0.00033392947367798676 377.32518370481984
-0.0002597229239717676 420.44806184251354
-0.0001855163742655484 389.45349318104394
-0.00011130982455932878 393.49626300645497
-3.710327485310959e-05 424.49083166791985
3.7103274853110026e-05 442.0095009113604
0.00011130982455932921 385.41072335563746
0.0001855163742655484 386.75831329744034
0.0002597229239717676 371.93482393760814
0.00033392947367798676 402.92939259907075
0.0004081360233842068 366.5444641703964
0.000482342573090426 380.0203635884257
0.0005565491227966452 319.37881620729394
0.0006307556725028644 331.5071256835203
0.0007049622222090835 265.47521853517685
0.0007791687719153027 280.29870789500575
0.0008533753216215228 288.3842475458266
0.000927581871327742 266.82280847697973
0.0010017884210339612 243.91377946632997
0.0010759949707401803 237.17582975731534
0.0011502015204463995 180.57705220159025
0.0012244080701526196 187.315001910607
0.0012986146198588388 157.6680231909426
0.001372821169565058 152.27766342373087
0.0014470277192712771 128.02104447127815
0.0015212342689774963 105.11201546062838
0.0015954408186837155 103.76442551882425
0.0016696473683899355 94.33129592620496
0.0017438539180961547 71.4222669155552
0.001818060467802374 53.90359767211713
0.001892267017508593 66.03190714834348
0.0019664735672148123 61.989137322934695
0.0020406801169210315 43.12287813769319
0.0021148866666272515 51.20841778851126
0.0021890932163334707 24.256618952452705
0.00226329976603969 39.08010831228491
0.002337506315745909 16.17107930163514
0.0024117128654521282 12.128309476226352
0.0024859194151583474 21.561439068846596
0.0025601259648645675 14.823489359832209
0.0026343325145707867 12.128309476226352
0.002708539064277006 4.042769825408785
0.002782745613983225 5.390359767211712
0.0028569521636894442 4.042769825408785
0.0029311587133956634 9.433129592620386
0.0030053652631018835 6.737949709014641
0.0030795718128081026 2.695179883605856
0.003153778362514322 2.695179883605856
0.003227984912220541 4.042769825408785
0.00330219146192676 0.0
0.0033763980116329794 0.0
0.0034506045613391994 0.0
0.0035248111110454186 0.0
0.003599017660751638 2.695179883605856
0.003673224210457857 1.347589941802928
0.003747430760164076 
