-0.011183835965750418 0.0
-0.010962373867418726 0.0
-0.010740911769087036 0.0
-0.010519449670755344 0.0
-0.010297987572423653 0.4515445340458494
-0.010076525474091961 0.0
-0.009855063375760269 0.45154453404585293
-0.009633601277428579 0.4515445340458494
-0.009412139179096887 0.0
-0.009190677080765194 1.3546336021375587
-0.008969214982433504 1.354633602137548
-0.008747752884101812 1.8061781361834117
-0.008526290785770121 1.354633602137548
-0.00830482868743843 0.4515445340458494
-0.008083366589106737 2.7092672042751174
-0.007861904490775047 4.0639008064126445
-0.007640442392443355 3.6123562723668234
-0.007418980294111664 2.257722670229247
-0.007197518195779972 4.966989874504362
-0.006976056097448281 5.870078942596065
-0.0067545939991165895 7.22471254473359
-0.006533131900784897 8.127801612825321
-0.006311669802453206 7.676257078779469
-0.006090207704121515 12.64324695328383
-0.0058687456057898236 11.74015788519213
-0.005647283507458132 13.997880555421329
-0.00542582140912644 23.028771236338407
-0.005204359310794749 24.38340483847596
-0.004982897212463058 23.93186030443011
-0.004761435114131366 35.22047365557625
-0.004539973015799674 37.02665179175979
-0.004318510917467983 46.509087006722666
-0.004097048819136292 55.539977687639684
-0.0038755867208046003 62.31314569832745
-0.003654124622472909 61.410056630235516
-0.003432662524141217 78.11720438993224
-0.0032112004258095257 84.43882786657383
-0.0029897383274778335 85.79346146871205
-0.002768276229146143 100.6944310922244
-0.002546814130814451 93.0181740134457
-0.0023253520324827606 108.8222327050497
-0.0021038899341510684 115.14385618169159
-0.0018824278358193763 108.82223270505054
-0.0016609657374876859 125.98092499879198
-0.0014395036391559937 134.56027114566416
-0.0012180415408243033 143.13961729253424
-0.0009965794424926112 138.62417195207576
-0.000775117344160919 129.59328127115978
-0.0005536552458292286 159.84676505223067
-0.0003321931474975365 140.43035008826024
-0.00011073104916584607 132.7540930094797
0.00011073104916584607 149.0096962351303
0.0003321931474975382 147.20351809894802
0.0005536552458292286 130.49637033925046
0.0007751173441609208 137.72108288398405
0.000996579442492613 121.91702419238028
0.0012180415408243033 134.10872661161724
0.0014395036391559955 118.7562124540593
0.0016609657374876859 112.43458897741648
0.001882427835819378 113.3376780455082
0.00210388993415107 100.24288655817934
0.0023253520324827606 96.17898575176591
0.0025468141308144527 86.2450060027579
0.002768276229146143 89.85736227512403
0.0029897383274778352 73.15021451542759
0.0032112004258095274 74.50484811756573
0.003432662524141218 68.18322464092324
0.00365412462247291 49.218354210997965
0.0038755867208046003 61.86160116428135
0.0040970488191362925 41.54209713221814
0.004318510917467985 42.445186200310175
0.004539973015799675 35.6720181896221
0.004761435114131367 32.511206451301156
0.004982897212463059 21.22259310015492
0.0052043593107947515 20.771048566109396
0.00542582140912644 20.31950403206322
0.005647283507458132 13.997880555421329
0.005868745605789824 14.44942508946718
0.0060902077041215166 15.804058691604727
0.006311669802453209 10.385524283054698
0.006533131900784897 7.6762570787794395
0.0067545939991165895 6.7731680106877405
0.006976056097448282 4.966989874504343
0.007197518195779974 1.8061781361833975
0.007418980294111666 4.966989874504421
0.007640442392443355 2.257722670229247
0.007861904490775047 2.709267204275096
0.008083366589106739 2.257722670229247
0.008304828687438431 0.4515445340458494
0.008526290785770123 0.0
0.008747752884101812 1.8061781361833975
0.008969214982433504 0.9030890680916988
0.009190677080765196 0.9030890680916988
0.009412139179096888 1.354633602137548
0.00963360127742858 0.0
0.009855063375760269 0.4515445340458494
0.010076525474091961 0.0
0.010297987572423653 0.0
0.010519449670755346 0.4515445340458494
0.010740911769087038 0.0
0.010962373867418726 0.4515445340458494
0.011183835965750418 
