-0.008726014902375585 1.1574584862616197
-0.008553222528071117 0.0
-0.00838043015376665 0.0
-0.008207637779462184 0.0
-0.008034845405157717 0.0
-0.00786205303085325 0.0
-0.007689260656548782 0.5787292431308128
-0.007516468282244316 0.0
-0.007343675907939848 0.5787292431308128
-0.007170883533635382 0.5787292431308099
-0.0069980911593309145 0.0
-0.006825298785026447 0.0
-0.006652506410721981 0.5787292431308128
-0.006479714036417514 1.7361877293924295
-0.006306921662113047 1.7361877293924295
-0.006134129287808579 5.208563188177289
-0.005961336913504112 8.10220940383138
-0.0057885445391996455 4.629833945046502
-0.005615752164895179 5.208563188177289
-0.005442959790590712 4.629833945046479
-0.005270167416286244 9.838397133223769
-0.005097375041981777 10.41712637635463
-0.00492458266767731 10.995855619485388
-0.004751790293372843 17.361877293924383
-0.0045789979190683765 16.783148050793486
-0.004406205544763909 21.412981995840074
-0.004233413170459443 27.779003670278872
-0.004060620796154975 33.56629610158697
-0.003887828421850508 33.56629610158714
-0.0037150360475460414 39.353588532895074
-0.003542243673241574 36.4599423172412
-0.0033694512989371076 63.08148750125827
-0.00319665892463264 56.13673658368855
-0.003023866550328173 62.502758258127784
-0.0028510741760237063 72.91988463448205
-0.002678281801719239 92.01794965779924
-0.0025054894274147725 97.80524208910687
-0.002332697053110305 107.64363922233065
-0.0021599046788058377 114.58839013990094
-0.0019871123045013712 134.8439136494787
-0.0018143199301969039 134.84391364947936
-0.0016415275558924374 151.04833245714136
-0.00146873518158797 154.52070791592624
-0.0012959428072835026 175.35496066863627
-0.0011231504329790361 159.1505418609727
-0.0009503580586745688 160.88672959036515
-0.0007775656843701014 171.88258520985227
-0.0006047733100656358 185.77208704498997
-0.0004319809357611684 207.18506904082994
-0.00025918856145670105 186.9295455312516
-8.639618715223368e-05 188.665733260644
8.639618715223368e-05 184.6146285587302
0.0002591885614566993 185.19335780185915
0.0004319809357611667 194.45302569195212
0.000604773310065634 185.19335780185915
0.0007775656843701014 200.2403181232602
0.0009503580586745688 152.78452018653533
0.0011231504329790344 152.7845201865338
0.0012959428072835018 140.6312060807868
0.0014687351815879691 160.30800034723433
0.0016415275558924365 147.57595699835653
0.0018143199301969039 115.74584862616314
0.0019871123045013695 120.95441181433927
0.002159904678805837 99.5414298184993
0.0023326970531103042 109.37982695172306
0.0025054894274147716 81.60082328144419
0.002678281801719239 91.43922041466888
0.0028510741760237046 68.86877993256637
0.003023866550328172 63.08148750125827
0.0031966589246326393 48.61325642298803
0.0033694512989371067 43.98342247794155
0.003542243673241574 34.72375458784894
0.0037150360475460397 45.14088096420317
0.003887828421850507 31.251379129063732
0.0040606207961549744 28.936462156540493
0.004233413170459442 16.204418807662677
0.004406205544763909 18.5193357801861
0.004578997919068375 17.361877293924298
0.004751790293372842 15.625689564531866
0.0049245826676773095 13.889501835139436
0.005097375041981777 8.102209403831338
0.005270167416286244 8.680938646962234
0.00544295979059071 5.7872924313080985
0.005615752164895177 6.944750917569718
0.005788544539199645 4.629833945046479
0.005961336913504112 4.629833945046479
0.006134129287808579 3.472375458784894
0.006306921662113045 0.5787292431308099
0.006479714036417512 1.7361877293924295
0.00665250641072198 1.1574584862616197
0.006825298785026447 0.5787292431308099
0.0069980911593309145 0.5787292431308099
0.007170883533635382 0.0
0.007343675907939849 0.5787292431308215
0.007516468282244313 1.1574584862616197
0.0076892606565487805 0.0
0.007862053030853248 0.0
0.008034845405157715 0.0
0.008207637779462183 0.0
0.00838043015376665 0.0
0.008553222528071117 0.0
0.008726014902375585 
