-0.016705943897480455 0.0
-0.016375133127233318 0.3022876187655357
-0.01604432235698618 0.0
-0.015713511586739042 0.0
-0.015382700816491904 0.0
-0.015051890046244767 0.0
-0.014721079275997629 0.3022876187655357
-0.014390268505750491 0.3022876187655357
-0.014059457735503354 0.0
-0.013728646965256216 0.0
-0.013397836195009078 0.3022876187655357
-0.01306702542476194 0.3022876187655357
-0.012736214654514803 0.0
-0.012405403884267665 0.6045752375310715
-0.012074593114020527 0.0
-0.01174378234377339 0.0
-0.011412971573526252 1.8137257125932145
-0.011082160803279114 0.9068628562966072
-0.010751350033031976 1.209150475062143
-0.010420539262784839 1.5114380938276786
-0.0100897284925377 2.7205885688898217
-0.009758917722290563 2.11601333135875
-0.009428106952043425 5.138889519014108
-0.009097296181796288 4.2320266627175
-0.00876648541154915 5.441177137779643
-0.008435674641302012 9.673203800497143
-0.008104863871054874 11.184641894324823
-0.007774053100807737 10.58006665679375
-0.007443242330560599 10.58006665679375
-0.007112431560313461 17.532681888401072
-0.0067816207900663235 20.555558076056432
-0.006450810019819186 25.69444759507054
-0.006119999249572048 30.22876187655357
-0.00578918847932491 26.60131045136714
-0.0054583777090777726 38.69281520198857
-0.005127566938830635 39.90196567705072
-0.004796756168583497 45.6454304335959
-0.004465945398336359 50.78431995261
-0.004135134628089222 64.68955041582464
-0.003804323857842084 64.68955041582464
-0.003473513087594946 74.36275421632179
-0.0031427023173478084 78.29249326027376
-0.0028118915471006707 85.54739611064662
-0.002481080776853533 97.63890086126804
-0.0021502700066063953 94.91831229237822
-0.0018194592363592575 93.40687419855054
-0.0014886484661121198 116.38073322473126
-0.001157837695864982 110.93955608695161
-0.0008270269256178443 103.38236561781322
-0.0004962161553707066 105.8006665679375
-0.00016540538512356887 109.12583037435842
0.00016540538512356887 116.38073322473126
0.0004962161553707066 109.73040561188947
0.0008270269256178443 113.96243227460697
0.001157837695864982 105.8006665679375
0.0014886484661121198 101.56863990522
0.0018194592363592575 94.31373705484715
0.0021502700066063953 95.82517514867482
0.002481080776853533 84.64053325435
0.0028118915471006707 73.45589136002518
0.0031427023173478084 73.45589136002518
0.003473513087594946 67.71242660348
0.003804323857842084 57.13235994668625
0.004135134628089222 51.99347042767214
0.004465945398336359 51.38889519014108
0.004796756168583497 41.111116152112864
0.005127566938830635 28.112748545194826
0.0054583777090777726 29.92647425778804
0.00578918847932491 25.99673521383607
0.006119999249572048 22.369283788649646
0.006450810019819186 22.066996169884106
0.0067816207900663235 21.764708551118574
0.007112431560313461 16.625819032104463
0.007443242330560599 13.602942844449109
0.007774053100807737 8.464053325435
0.008104863871054874 4.534314281483036
0.008435674641302012 6.34803999407625
0.00876648541154915 5.138889519014108
0.009097296181796288 2.7205885688898217
0.009428106952043425 2.11601333135875
0.009758917722290563 3.3251638064208926
0.0100897284925377 1.5114380938276786
0.010420539262784839 1.8137257125932145
0.010751350033031976 0.3022876187655357
0.011082160803279114 1.209150475062143
0.011412971573526252 0.6045752375310715
0.01174378234377339 0.6045752375310715
0.012074593114020527 0.3022876187655357
0.012405403884267665 0.3022876187655357
0.012736214654514803 0.3022876187655357
0.01306702542476194 0.0
0.013397836195009078 0.0
0.013728646965256216 0.0
0.014059457735503354 0.0
0.014390268505750491 0.0
0.014721079275997629 0.0
0.015051890046244767 0.0
0.015382700816491904 0.0
0.015713511586739042 0.0
0.01604432235698618 0.0
0.016375133127233318 0.3022876187655357
0.016705943897480455 
