-0.06752844546308362 0.074783300065166
-0.06619124852322057 0.0
-0.06485405158335754 0.0
-0.06351685464349449 0.0
-0.06217965770363145 0.0
-0.06084246076376841 0.0
-0.05950526382390537 0.0
-0.05816806688404233 0.0
-0.05683086994417928 0.07478330006516638
-0.05549367300431624 0.07478330006516638
-0.0541564760644532 0.149566600130332
-0.052819279124590154 0.0
-0.05148208218472712 0.074783300065166
-0.050144885244864074 0.07478330006516638
-0.04880768830500103 0.14956660013033277
-0.04747049136513799 0.299133200260664
-0.046133294425274946 0.22434990019550033
-0.04479609748541191 0.523483100456162
-0.043458900545548865 0.22434990019549914
-0.042121703605685824 0.44869980039099827
-0.040784506665822784 0.448699800390996
-0.03944730972595974 0.7478330006516639
-0.038110112786096696 1.1965328010426621
-0.036772915846233656 1.346099401172995
-0.035435718906370615 1.0469662009123295
-0.034098521966507575 1.420882701238154
-0.03276132502664453 1.0469662009123295
-0.03142412808678149 2.916548702541489
-0.030086931146918447 3.8139483033234858
-0.028749734207055407 4.0382982035189645
-0.02741253726719236 5.085264404431315
-0.02607534032732932 5.085264404431315
-0.02473814338746628 7.179196806255972
-0.023400946447603238 7.253980106321139
-0.022063749507740198 8.300946307233426
-0.02072655256787715 10.54444530918846
-0.01938935562801411 11.516628210035623
-0.01805215868815107 11.142711709709792
-0.01671496174828803 14.582743512707369
-0.015377764808424982 13.685343911925447
-0.014040567868561941 15.854059613815274
-0.012703370928698901 18.2471252159006
-0.01136617398883586 24.304572521179075
-0.01002897704897282 23.930656020853117
-0.008691780109109773 24.977622221765575
-0.0073545831692467326 25.05240552183074
-0.006017386229383692 26.772421423329426
-0.004680189289520645 28.34287072469821
-0.0033429923496576114 27.595037724046254
-0.002005795409794564 26.84720472339487
-0.0006685984699315306 29.988103326131565
0.0006685984699315167 30.661153026718058
0.002005795409794564 28.716787225024042
0.0033429923496575975 26.847204723394594
0.004680189289520645 27.74460432417659
0.006017386229383692 26.697638123264536
0.007354583169246726 22.210640119354302
0.008691780109109773 23.1828230202017
0.010028977048972806 22.135856819289135
0.011366173988835854 19.59322461707349
0.012703370928698901 17.873208715574858
0.014040567868561935 15.405359813424196
0.015377764808424982 15.106226613163688
0.016714961748288015 11.367061609905232
0.018052158688151063 10.918361809514236
0.01938935562801411 9.94617890866718
0.020726552567877143 9.422695808210916
0.02206374950774019 7.40354670645151
0.023400946447603224 5.982664005213279
0.02473814338746627 5.608747504887449
0.02607534032732932 4.63656460404034
0.027412537267192352 4.262648103714462
0.0287497342070554 2.7669821024111707
0.030086931146918433 2.0191491017594823
0.03142412808678148 2.467848902150478
0.03276132502664453 1.1217495009775016
0.03409852196650756 1.1217495009774898
0.03543571890637061 1.9443658016943157
0.036772915846233656 0.9721829008471681
0.03811011278609669 0.897399600781992
0.03944730972595974 0.5982664005213342
0.04078450666582277 0.224349900195498
0.04212170360568582 0.299133200260664
0.043458900545548865 0.07478330006516677
0.0447960974854119 0.299133200260664
0.046133294425274946 0.22434990019550033
0.04747049136513798 0.074783300065166
0.048807688305001026 0.149566600130332
0.050144885244864074 0.14956660013033354
0.05148208218472711 0.0
0.052819279124590154 0.0
0.05415647606445319 0.0
0.055493673004316235 0.0
0.05683086994417928 0.0
0.05816806688404233 0.0
0.05950526382390536 0.0
0.0608424607637684 0.0
0.06217965770363146 0.0
0.06351685464349449 0.0
0.06485405158335752 0.0
0.06619124852322056 0.0
0.06752844546308362 
