-0.004442912771693223 1.136641716707715
-0.004354934300966624 0.0
-0.004266955830240025 0.0
-0.004178977359513427 1.136641716707715
-0.004090998888786829 1.1366417167077039
-0.00400302041806023 0.0
-0.003915041947333632 0.0
-0.0038270634766070333 2.2732834334154193
-0.0037390850058804347 3.4099251501231453
-0.0036511065351538365 0.0
-0.003563128064427238 5.683208583538548
-0.0034751495937006393 3.4099251501231453
-0.003387171122974041 9.093133733661677
-0.0032991926522474425 6.819850300246258
-0.003211214181520844 11.36641716707715
-0.0031232357107942458 9.093133733661677
-0.003035257240067647 7.956492016953966
-0.0029472787693410486 14.776342317200298
-0.0028593002986144504 18.186267467323354
-0.002771321827887852 18.186267467323354
-0.002683343357161253 28.416042917692877
-0.002595364886434655 32.96260978452358
-0.0025073864157080564 35.235893217938994
-0.002419407944981458 47.73895210172404
-0.0023314294742548597 56.83208583538548
-0.002243451003528261 51.148877251846926
-0.0021554725328016625 71.60842815258569
-0.002067494062075064 84.11148703637092
-0.0019795155913484657 72.74506986929342
-0.001891537120621867 101.16111278698614
-0.0018035586498952685 101.16111278698665
-0.0017155801791686703 115.93745510418637
-0.0016276017084420717 146.62678145529452
-0.0015396232377154731 152.3099900388338
-0.001451644766988875 177.31610780640267
-0.0013636662962622764 192.0924501236029
-0.0012756878255356778 209.14207587421959
-0.0011877093548090796 228.46498505824962
-0.001099730884082481 242.1046856587421
-0.0010117524133558824 275.0672954432657
-0.0009237739426292838 255.7443862592359
-0.0008357954719026856 259.1543114093578
-0.000747817001176087 300.0734132108353
-0.0006598385304494884 276.20393715997477
-0.0005718600597228903 304.6199800776676
-0.0004838815889962921 322.8062475449879
-0.00039590311826969305 345.5390818791454
-0.0003079246475430949 339.8558732956068
-0.00021994617681649672 330.7627395619418
-0.00013196770608989768 352.3589321793917
-4.398923536329952e-05 338.7192315788958
4.398923536329952e-05 312.57647209462164
0.00013196770608989768 350.08564874597624
0.00021994617681649585 294.3902046272953
0.0003079246475430949 290.98027947717503
0.00039590311826969305 312.57647209462164
0.0004838815889962912 335.30930642877263
0.0005718600597228903 310.3031886612062
0.0006598385304494884 308.0299052277908
0.0007478170011760866 242.10468565874095
0.0008357954719026856 281.8871457435133
0.0009237739426292838 229.60162677495848
0.001011752413355882 236.4214770752024
0.001099730884082481 204.59550900738873
0.0011877093548090792 182.99931638994212
0.0012756878255356773 184.13595810664805
0.0013636662962622764 154.58327347224926
0.0014516447669888745 145.49013973858752
0.0015396232377154727 129.57715570467823
0.0016276017084420717 112.5275299540638
0.0017155801791686699 127.30387227126408
0.001803558649895268 90.93133733661631
0.001891537120621867 82.9748453196632
0.0019795155913484653 75.0183533027092
0.0020674940620750634 57.9687275520929
0.0021554725328016625 52.285518968554896
0.0022434510035282606 46.60231038501632
0.002331429474254859 47.73895210172356
0.002419407944981458 48.875593818431746
0.002507386415708056 36.372534934646524
0.002595364886434655 15.91298403390801
0.002683343357161253 20.459550900738872
0.0027713218278878514 18.186267467323262
0.0028593002986144504 10.229775450369436
0.0029472787693410486 9.09313373366172
0.0030352572400676467 4.5465668668308155
0.0031232357107942458 9.09313373366172
0.003211214181520844 7.956492016954005
0.003299192652247442 5.683208583538519
0.003387171122974041 5.683208583538631
0.0034751495937006384 4.5465668668308155
0.0035631280644272375 0.0
0.0036511065351538365 3.409925150123179
0.003739085005880434 0.0
0.003827063476607033 1.1366417167077039
0.003915041947333632 3.409925150123179
0.004003020418060229 0.0
0.004090998888786828 1.1366417167077039
0.004178977359513427 0.0
0.004266955830240026 0.0
0.0043549343009666236 0.0
0.004442912771693223 
