-0.012107130692073524 0.4171095636479925
-0.011867385529854247 0.4171095636479925
-0.01162764036763497 0.0
-0.011387895205415692 0.4171095636479925
-0.011148150043196414 0.4171095636479895
-0.010908404880977135 0.0
-0.010668659718757858 0.4171095636479925
-0.01042891455653858 0.0
-0.010189169394319303 0.834219127295985
-0.009949424232100025 0.4171095636479925
-0.009709679069880748 0.4171095636479925
-0.00946993390766147 1.668438254591958
-0.009230188745442191 0.834219127295991
-0.008990443583222915 2.085547818239947
-0.008750698421003636 2.5026573818879547
-0.008510953258784358 2.5026573818879547
-0.008271208096565081 3.33687650918394
-0.008031462934345803 3.753986072831932
-0.007791717772126526 5.005314763775892
-0.007551972609907248 5.422424327423903
-0.00731222744768797 8.34219127295985
-0.007072482285468693 9.593519963903793
-0.006832737123249414 10.427739091199811
-0.006592991961030137 16.6843825459197
-0.006353246798810859 14.598834727679737
-0.006113501636591582 16.267272982271706
-0.005873756474372304 24.60946425523147
-0.005634011312153026 29.197669455359474
-0.005394266149933749 31.283217273599433
-0.005154520987714471 32.1174364008953
-0.004914775825495193 35.87142247372735
-0.004675030663275915 44.6307233103352
-0.004435285501056638 47.13338069222315
-0.00419554033883736 55.058462401535
-0.003955795176618083 55.475571965183
-0.0037160500143988053 65.90331105638282
-0.003476304852179528 69.65729712921424
-0.0032365596899602486 80.91925534771053
-0.002996814527740971 83.00480316595049
-0.0027570693655216937 83.42191272959849
-0.002517324203302416 99.68918571187021
-0.0022775790410831387 93.8496518207983
-0.002037833878863861 110.11692480307
-0.0017980887166445837 100.52340483916547
-0.0015583435544253045 112.61958218495796
-0.001318598392206027 116.3735682577899
-0.0010788532299867495 126.38419778534171
-0.0008391080677674721 134.30927949465357
-0.0005993629055481946 138.4803751311335
-0.0003596177433289171 134.30927949465357
-0.00011987258110963961 138.4803751311335
0.00011987258110963787 124.29864996710175
0.00035961774332891536 129.30396473087674
0.0005993629055481946 135.14349862194956
0.0008391080677674721 128.88685516722967
0.0010788532299867495 114.70513000319794
0.001318598392206027 105.11161003929409
0.0015583435544253045 120.12755433062182
0.001798088716644582 109.69981523942202
0.0020378338788638595 97.60363789362953
0.0022775790410831387 111.36825349401398
0.002517324203302416 86.75878923878244
0.0027570693655216937 85.50746054783845
0.002996814527740971 77.16526927487861
0.0032365596899602486 75.91394058393462
0.003476304852179526 69.65729712921474
0.0037160500143988036 55.892681528830586
0.003955795176618083 48.384709383167475
0.0041955403388373586 52.97291458329467
0.004435285501056638 47.96759981951948
0.0046750306632759135 36.705641601023075
0.004914775825495193 37.1227511646716
0.0051545209877144685 26.69501207347133
0.005394266149933748 25.443683382527354
0.005634011312153027 17.518601673215812
0.005873756474372303 18.352820800511537
0.006113501636591582 11.261958218495877
0.006353246798810858 11.679067782143704
0.006592991961030137 11.679067782143873
0.006832737123249413 6.673753018367832
0.007072482285468692 6.673753018367832
0.007312227447687971 5.8395338910719365
0.007551972609907247 5.005314763775873
0.007791717772126526 3.7539860728319594
0.008031462934345802 3.753986072831905
0.008271208096565081 4.171095636479954
0.008510953258784357 2.5026573818879365
0.008750698421003636 1.2513286909439683
0.008990443583222915 1.2513286909439865
0.009230188745442191 0.4171095636479895
0.00946993390766147 2.085547818239977
0.009709679069880746 2.5026573818879365
0.009949424232100025 0.0
0.0101891693943193 0.4171095636479895
0.01042891455653858 0.4171095636479955
0.010668659718757856 0.0
0.010908404880977135 0.834219127295979
0.011148150043196414 0.0
0.01138789520541569 0.4171095636479895
0.01162764036763497 0.0
0.011867385529854245 0.0
0.012107130692073524 
