-7.994117043747812 0.0
-7.835817696346865 0.0
-7.6775183489459184 0.0006317145436280048
-7.519219001544972 0.0
-7.360919654144025 0.0006317145436280014
-7.202620306743078 0.0006317145436280048
-7.044320959342131 0.0
-6.886021611941184 0.0
-6.727722264540238 0.0006317145436280048
-6.569422917139291 0.0012634290872560097
-6.411123569738344 0.0012634290872560027
-6.252824222337397 0.0018951436308840145
-6.09452487493645 0.0006317145436280048
-5.936225527535504 0.0012634290872560097
-5.777926180134557 0.0018951436308840145
-5.61962683273361 0.0018951436308840145
-5.461327485332664 0.0018951436308840145
-5.303028137931717 0.003790287261768029
-5.14472879053077 0.0006317145436280048
-4.986429443129824 0.004422001805396034
-4.828130095728877 0.006317145436280048
-4.66983074832793 0.010739147241676022
-4.511531400926983 0.006317145436280048
-4.353232053526036 0.012634290872560097
-4.19493270612509 0.012002576328932093
-4.036633358724143 0.015792863590700118
-3.8783340113231963 0.01452943450344411
-3.7200346639222497 0.016424578134328034
-3.561735316521302 0.030954012637772234
-3.4034359691203555 0.02716372537600421
-3.245136621719409 0.02716372537600421
-3.086837274318462 0.02716372537600421
-2.9285379269175156 0.042956588966704325
-2.770238579516569 0.04548344714121635
-2.6119392321156223 0.05243230712112441
-2.4536398847146756 0.06064459618828846
-2.295340537313729 0.07012031434270814
-2.1370411899127815 0.08149117612801263
-1.9787418425118348 0.10675975787313283
-1.8204424951108882 0.13645034142364904
-1.6621431477099415 0.12065747783294892
-1.503843800308995 0.1850923612830054
-1.3455444529080482 0.16298235225602525
-1.1872451055071016 0.17624835767221236
-1.028945758106154 0.1964632230683095
-0.8706464107052074 0.22868066479333773
-0.7123470633042608 0.26595182286739005
-0.5540477159033141 0.26911039558553007
-0.3957483685023675 0.3013278373105583
-0.23744902110142085 0.3051181245723263
-0.07914967370047421 0.29627412096153427
0.07914967370047243 0.2905886900688822
0.23744902110141908 0.29501069187427825
0.3957483685023657 0.2924838336997662
0.5540477159033124 0.2375246684041298
0.712347063304259 0.21288780120263523
0.8706464107052074 0.2103609430281256
1.028945758106154 0.19014607763202945
1.1872451055071007 0.16235063771239724
1.3455444529080474 0.14087234322904507
1.503843800308994 0.14087234322904507
1.6621431477099406 0.11434033239666887
1.8204424951108873 0.1036011851549928
1.978741842511834 0.07580574523536057
2.1370411899127806 0.07264717251722055
2.2953405373137272 0.07643745977898858
2.453639884714674 0.04737859077210036
2.6119392321156205 0.05306402166475241
2.770238579516567 0.031585727181400236
2.928537926917514 0.032849156268656254
3.0868372743184604 0.02716372537600421
3.245136621719407 0.024005152657864185
3.4034359691203537 0.02274172357060792
3.561735316521302 0.021478294483352162
3.720034663922249 0.01705629267795613
3.8783340113231954 0.010107432698048077
4.036633358724142 0.015161149047072116
4.194932706125089 0.011370861785304087
4.353232053526035 0.008844003610792068
4.511531400926982 0.005053716349024039
4.669830748327929 0.005053716349024039
4.828130095728875 0.006317145436280048
4.986429443129822 0.004422001805396034
5.144728790530769 0.003790287261768029
5.303028137931715 0.005053716349024039
5.461327485332662 0.0012634290872560097
5.6196268327336085 0.0012634290872560097
5.777926180134555 0.001895143630883993
5.936225527535504 0.0006317145436280048
6.09452487493645 0.003158572718140024
6.252824222337397 0.0018951436308840145
6.4111235697383435 0.0006317145436280048
6.56942291713929 0.0012634290872560097
6.727722264540237 0.0
6.8860216119411835 0.0
7.04432095934213 0.0006317145436280048
7.202620306743077 0.0
7.360919654144023 0.0
7.51921900154497 0.0006317145436280048
7.677518348945917 0.0
7.835817696346863 0.0006317145436279978
7.994117043747812 
