-0.14902661163915856 0.0
-0.14607558962650197 0.0
-0.14312456761384534 0.0
-0.14017354560118875 0.0
-0.13722252358853215 0.0
-0.13427150157587553 0.0
-0.13132047956321893 0.0
-0.12836945755056234 0.0
-0.12541843553790571 0.0
-0.12246741352524912 0.03388656525471887
-0.11951639151259251 0.03388656525471887
-0.1165653694999359 0.0
-0.1136143474872793 0.03388656525471887
-0.1106633254746227 0.0
-0.10771230346196609 0.10165969576415708
-0.10476128144930949 0.03388656525471887
-0.10181025943665288 0.1016596957641566
-0.09885923742399627 0.06777313050943806
-0.09590821541133968 0.03388656525471887
-0.09295719339868307 0.2033193915283132
-0.09000617138602646 0.16943282627359513
-0.08705514937336986 0.1016596957641566
-0.08410412736071325 0.16943282627359432
-0.08115310534805664 0.4066387830566283
-0.07820208333540005 0.6438447398396584
-0.07525106132274344 0.44052534831134527
-0.07230003931008683 0.5760716093302207
-0.06934901729743022 1.3893491754434801
-0.06639799528477362 1.3893491754434735
-0.06344697327211701 1.7282148279906622
-0.060495951259460404 1.6265551322265133
-0.05754492924680381 1.7282148279906622
-0.0545939072341472 2.5753789593586336
-0.05164288522149059 2.8803580466511174
-0.048691863208833994 4.134160961075702
-0.045740841196177384 4.676346005151204
-0.042789819183520775 4.337480352604036
-0.03983879717086418 5.591283267028613
-0.03688777515820757 6.404560833141866
-0.03393675314555096 7.353384660273994
-0.03098573113289435 8.30220848740616
-0.028034709120237755 8.878280096736342
-0.025083687107581146 9.691557662849595
-0.022132665094924536 11.385885925585594
-0.01918164308226794 10.43706209845346
-0.016230621069611345 11.01313370778358
-0.013279599056954722 11.48754562134975
-0.010328577044298126 14.130697711217834
-0.007377555031641531 13.859605189179952
-0.004426533018984907 13.283533579849859
-0.0014755110063283117 13.181873884085578
0.0014755110063283117 12.775235101029073
0.004426533018984907 14.232357406981992
0.007377555031641503 13.08021418832142
0.010328577044298126 11.419772490840312
0.013279599056954722 12.538029144246039
0.016230621069611317 11.555318751859078
0.01918164308226794 11.758638143387502
0.022132665094924536 8.403868183170319
0.025083687107581132 8.031115965368334
0.028034709120237755 9.38657857555717
0.03098573113289435 7.014519007726839
0.033936753145550946 6.607880224670148
0.03688777515820757 5.726829528047515
0.039838797170864165 5.286304179736168
0.04278981918352076 4.100274395820963
0.045740841196177384 3.2192236991983076
0.04869186320883398 3.558089351745498
0.051642885221490575 3.015904307669965
0.0545939072341472 1.9654207847737035
0.057544929246803794 1.9993073500284226
0.06049595125946039 1.7282148279906542
0.06344697327211701 1.4232357406981992
0.06639799528477361 0.9149372618774138
0.0693490172974302 1.1521432186604361
0.07230003931008683 0.5760716093302234
0.07525106132274342 0.5421850440755045
0.07820208333540002 0.6438447398396554
0.08115310534805664 0.27109252203775225
0.08410412736071324 0.23720595678303094
0.08705514937336986 0.30497908729247125
0.09000617138602646 0.13554626101887612
0.09295719339868305 0.16943282627359355
0.09590821541133968 0.13554626101887612
0.09885923742399627 0.10165969576415708
0.10181025943665287 0.0
0.10476128144930949 0.06777313050943869
0.10771230346196606 0.0
0.11066332547462268 0.10165969576415612
0.1136143474872793 0.0
0.11656536949993587 0.033886565254718705
0.1195163915125925 0.0
0.12246741352524912 0.0
0.1254184355379057 0.0
0.1283694575505623 0.0
0.13132047956321893 0.0
0.1342715015758755 0.0
0.13722252358853212 0.0
0.14017354560118875 0.0
0.14312456761384537 0.0
0.14607558962650194 0.033886565254718705
0.14902661163915856 
