-0.020778618556056384 0.24303829373334573
-0.020367160762867147 0.0
-0.019955702969677913 0.0
-0.019544245176488676 0.0
-0.019132787383299443 0.24303829373334573
-0.018721329590110206 0.2430382937333478
-0.018309871796920972 0.24303829373334573
-0.017898414003731735 0.0
-0.0174869562105425 0.24303829373334573
-0.017075498417353265 0.0
-0.01666404062416403 0.0
-0.016252582830974794 0.4860765874666956
-0.01584112503778556 0.7291148812000371
-0.015429667244596323 0.2430382937333478
-0.01501820945140709 1.4582297624000742
-0.014606751658217853 0.2430382937333478
-0.01419529386502862 1.9443063498667659
-0.013783836071839382 2.18734464360013
-0.013372378278650149 1.2151914686667284
-0.012960920485460912 3.8886126997335477
-0.012549462692271677 1.9443063498667739
-0.012138004899082441 4.374689287200241
-0.011726547105893206 5.346842462133629
-0.01131508931270397 5.346842462133629
-0.010903631519514735 4.617727580933588
-0.0104921737263255 8.26330198693379
-0.010080715933136265 10.693684924267258
-0.00966925813994703 12.881029567867378
-0.009257800346757794 15.311412505200845
-0.00884634255356856 17.25571885506762
-0.008434884760379324 18.7139486174677
-0.008023426967190089 16.040527386400885
-0.007611969174000853 25.032944254534716
-0.007200511380811618 26.734212310668145
-0.006789053587622383 33.7823228289352
-0.0063775957944331475 30.37978671666834
-0.005966138001243912 36.21270576626867
-0.005554680208054677 53.7114629150694
-0.00514322241486544 48.60765874666955
-0.0047317646216762065 56.62792243986955
-0.0043203068284869695 56.87096073360338
-0.003908849035297736 66.10641589547004
-0.003497391242108499 65.62033930800389
-0.0030859334489192654 67.56464565787012
-0.0026744756557300284 72.66844982627099
-0.002263017862540795 73.39756470747041
-0.0018515600693515578 72.66844982627099
-0.0014401022761623243 78.98744546333737
-0.0010286444829730873 90.16720697507203
-0.0006171866897838538 93.56974308733811
-0.00020572889659461677 87.4937857440052
0.00020572889659461677 82.3899815756042
0.0006171866897838538 80.93175181320481
0.0010286444829730873 77.77225399467062
0.0014401022761623243 79.23048375707137
0.0018515600693515578 70.48110518267025
0.002263017862540795 69.75199030147081
0.0026744756557300284 70.96718177013695
0.0030859334489192654 62.460841489470376
0.003497391242108499 62.21780319573651
0.003908849035297736 53.95450120880321
0.0043203068284869695 46.17727580933568
0.0047317646216762065 43.989931165735946
0.00514322241486544 44.232969459468926
0.005554680208054677 43.746892872002235
0.005966138001243914 38.400050409868946
0.0063775957944331475 39.8582801722687
0.0067890535876223845 30.13674842293512
0.007200511380811618 27.706365485601413
0.007611969174000855 22.116484729734648
0.008023426967190089 19.20002520493431
0.008434884760379326 14.339259330267517
0.00884634255356856 11.179761511733904
0.009257800346757796 13.610144449067477
0.00966925813994703 8.992416868133793
0.010080715933136267 7.7772253994670635
0.010492173726325504 8.506340280667171
0.010903631519514737 6.562033930800389
0.01131508931270397 4.617727580933607
0.011726547105893204 4.61772758093353
0.012138004899082445 2.9164595248001732
0.012549462692271678 2.18734464360013
0.012960920485460912 1.2151914686667389
0.013372378278650145 2.6734212310667806
0.013783836071839386 0.7291148812000433
0.01419529386502862 0.4860765874666956
0.014606751658217853 0.2430382937333478
0.015018209451407086 0.24303829373334365
0.015429667244596327 1.2151914686667389
0.01584112503778556 0.9721531749333912
0.016252582830974794 0.2430382937333478
0.016664040624164028 0.24303829373334365
0.017075498417353268 0.2430382937333478
0.0174869562105425 0.2430382937333478
0.017898414003731735 0.0
0.01830987179692097 0.0
0.01872132959011021 0.0
0.019132787383299443 0.0
0.019544245176488676 0.0
0.019955702969677917 0.0
0.02036716076286715 0.0
0.020778618556056384 
