-0.006365510579323747 0.7933377750408969
-0.006239460864881693 0.0
-0.006113411150439638 0.7933377750409023
-0.0059873614359975845 0.0
-0.00586131172155553 1.5866755500817937
-0.005735262007113475 0.7933377750408969
-0.005609212292671421 0.7933377750409023
-0.005483162578229367 1.5866755500817937
-0.005357112863787312 0.0
-0.005231063149345258 2.3800133251226905
-0.005105013434903203 2.3800133251226905
-0.0049789637204611485 3.173351100163609
-0.004852914006019095 3.966688875204484
-0.00472686429157704 4.760026650245381
-0.004600814577134986 4.760026650245381
-0.004474764862692931 5.553364425286278
-0.004348715148250876 6.346702200327218
-0.004222665433808823 5.553364425286278
-0.004096615719366768 7.933377750408968
-0.0039705660049247134 23.80013325122699
-0.0038445162904826593 26.180146576349596
-0.0037184665760406047 20.626782151063388
-0.0035924168615985505 26.973484351390496
-0.003466367147156496 28.560159901472286
-0.0033403174327144413 30.940173226595082
-0.003214267718272387 37.28687542692215
-0.0030882180038303325 42.04690207716768
-0.0029621682893882784 57.12031980294457
-0.0028361185749462238 69.02038642855827
-0.0027100688605041696 70.60706197863982
-0.002584019146062115 72.98707530376275
-0.002457969431620061 76.1604264039261
-0.0023319197171780062 89.64716857962135
-0.0022058700027359516 101.5472352052348
-0.002079820288293897 95.20053300490828
-0.0019537705738518433 135.66075953199336
-0.0018277208594097887 125.3473684564617
-0.001701671144967734 126.93404400654349
-0.0015756214305256795 161.04756833330316
-0.0014495717160836257 168.18760830867012
-0.0013235220016415711 186.43437713461077
-0.0011974722871995165 183.26102603444718
-0.001071422572757462 199.921119310306
-0.0009453728583154073 214.20119926104363
-0.0008193231438733536 236.41465696218725
-0.000693273429431299 236.41465696218725
-0.0005672237149892444 230.0679547618601
-0.0004411740005471898 257.8347768882915
-0.0003151242861051352 250.69473691292512
-0.00018907457166308147 241.17468361243266
-6.302485722102687e-05 237.20799473722815
6.302485722102773e-05 226.1012658866556
0.00018907457166308234 238.0013325122707
0.00031512428610513607 235.62131918714638
0.00044117400054719067 242.76135916251442
0.0005672237149892453 201.5077948603878
0.0006932734294312999 230.86129253690098
0.0008193231438733545 219.75456368632993
0.0009453728583154082 199.921119310306
0.0010714225727574628 192.78107933493794
0.0011974722871995174 191.19440378485612
0.001323522001641572 182.46768825940754
0.0014495717160836257 175.327648284037
0.0015756214305256812 152.32085280785324
0.001701671144967735 131.6940706567898
0.0018277208594097887 134.07408398191066
0.001953770573851844 101.5472352052355
0.002079820288293898 100.7538974301932
0.0022058700027359534 87.26715525449926
0.002331919717178007 91.23384412970377
0.002457969431620061 69.02038642855754
0.0025840191460621163 51.56695537765865
0.00271006886050417 58.70699535302597
0.0028361185749462255 38.08021320196331
0.0029621682893882792 29.353497676513385
0.003088218003830333 37.286875426921895
0.0032142677182723884 32.52684877667699
0.003340317432714442 28.560159901472485
0.003466367147156496 19.833444376022285
0.0035924168615985514 16.660093275858948
0.003718466576040605 15.86675550081783
0.0038445162904826606 14.280079950736242
0.003970566004924714 11.900066625613535
0.004096615719366768 7.933377750408915
0.0042226654338088235 11.900066625613535
0.004348715148250877 6.346702200327131
0.004474764862692933 7.140039975368121
0.0046008145771349864 7.140039975368121
0.00472686429157704 3.1733511001635657
0.004852914006019096 2.380013325122707
0.004978963720461149 1.5866755500817828
0.005105013434903205 3.9666888752045115
0.005231063149345259 3.173351100163609
0.005357112863787312 1.5866755500817828
0.005483162578229368 2.380013325122707
0.0056092122926714215 0.0
0.005735262007113477 0.7933377750409023
0.005861311721555531 0.7933377750409023
0.0059873614359975845 0.7933377750408914
0.00611341115043964 0.7933377750409023
0.006239460864881694 0.0
0.006365510579323747 
