-0.006643043609171618 0.0
-0.006511498191168219 0.0
-0.006379952773164822 0.7601937149754342
-0.006248407355161423 0.0
-0.006116861937158024 0.0
-0.0059853165191546265 0.0
-0.005853771101151228 3.040774859901737
-0.005722225683147829 0.0
-0.005590680265144431 0.7601937149754342
-0.005459134847141033 1.5203874299508684
-0.005327589429137634 0.7601937149754393
-0.005196044011134236 0.0
-0.005064498593130838 2.2805811449263027
-0.004932953175127439 0.7601937149754393
-0.004801407757124041 4.561162289852575
-0.004669862339120642 5.321356004828075
-0.004538316921117244 3.800968574877196
-0.004406771503113846 5.321356004828005
-0.0042752260851104465 7.601937149754392
-0.004143680667107049 9.12232457970521
-0.00401213524910365 9.882518294680677
-0.003880589831100252 15.964068014484173
-0.0037490444130968536 19.004842874385854
-0.003617498995093455 16.72426172945961
-0.0034859535770900567 30.40774859901747
-0.0033544081590866585 31.92813602896824
-0.00322286274108326 40.290266893698146
-0.0030913173230798616 43.3310417535999
-0.0029597719050764634 49.41259147340323
-0.0028282264870730647 46.371816613501494
-0.002696681069069666 60.81549719803514
-0.0025651356510662682 85.14169607724864
-0.0024335902330628696 85.90188979222407
-0.002302044815059471 84.38150236227376
-0.002170499397056073 121.63099439606948
-0.0020389539790526745 124.67176925597121
-0.0019074085610492758 129.99312526080013
-0.001775863143045878 137.5950624105536
-0.0016443177250424794 148.99796813518512
-0.0015127723070390807 151.27854928011143
-0.001381226889035682 181.68629787913
-0.0012496814710322842 209.81346533321985
-0.0011181360530288856 190.80862245883398
-0.000986590635025487 229.57850192258266
-0.0008550452170220891 229.57850192258115
-0.0007234997990186905 221.21637105785138
-0.0005919543810152918 255.4250882317476
-0.000460408963011894 250.10373222691788
-0.00032886354500849535 227.29792077765484
-0.0001973181270050967 239.46102021726338
-6.57727090016989e-05 253.90470080179503
6.577270900169976e-05 231.098889352532
0.00019731812700509842 252.38431337184585
0.0003288635450084962 223.49695220277766
0.0004604089630118949 225.01733963272855
0.0005919543810152935 225.77753334770549
0.0007234997990186913 217.4154024829742
0.00085504521702209 216.65520876799877
0.0009865906350254887 196.12997846366204
0.0011181360530288873 187.00765388395683
0.001249681471032286 171.80377958444927
0.0013812268890356838 176.36494187430193
0.0015127723070390816 137.59506241055269
0.001644317725042481 127.7125441158738
0.0017758631430458789 132.27370640572641
0.0019074085610492767 120.87080068109324
0.002038953979052676 102.62615152168429
0.002170499397056074 117.8300258211931
0.002302044815059472 87.42227722217436
0.0024335902330628713 51.69317261832987
0.002565135651066269 64.61646577291233
0.002696681069069667 77.53975892749379
0.0028282264870730664 40.29026689369828
0.0029597719050764642 45.611622898526356
0.003091317323079862 28.127167454090884
0.0032228627410832615 31.167942313993013
0.0033544081590866593 22.04561773428774
0.003485953577090057 20.52523030433659
0.0036174989950934567 20.52523030433686
0.0037490444130968545 19.76503658936116
0.003880589831100254 13.683486869557907
0.004012135249103652 6.841743434778953
0.00414368066710705 6.081549719803434
0.004275226085110449 5.321356004828075
0.004406771503113847 6.841743434778953
0.004538316921117245 3.040774859901717
0.004669862339120644 5.321356004828075
0.004801407757124042 2.280581144926318
0.00493295317512744 5.321356004828005
0.005064498593130839 2.280581144926318
0.005196044011134237 1.5203874299508786
0.005327589429137635 0.7601937149754292
0.0054591348471410344 0.7601937149754393
0.005590680265144432 0.7601937149754393
0.00572222568314783 0.0
0.0058537711011512296 0.0
0.005985316519154627 0.7601937149754393
0.006116861937158025 0.0
0.006248407355161425 0.0
0.0063799527731648225 0.0
0.00651149819116822 0.7601937149754393
0.006643043609171618 
