-0.5448920249227939 0.0
-0.5341020838352138 0.0
-0.5233121427476337 0.0
-0.5125222016600537 0.0
-0.5017322605724736 0.0
-0.4909423194848935 0.0
-0.4801523783973134 0.009267891194985946
-0.46936243730973337 0.0
-0.45857249622215324 0.018535782389971892
-0.4477825551345732 0.0
-0.4369926140469931 0.009267891194985946
-0.42620267295941305 0.0092678911949859
-0.415412731871833 0.0
-0.4046227907842529 0.0092678911949859
-0.3938328496966728 0.0185357823899718
-0.38304290860909274 0.0185357823899718
-0.37225296752151266 0.0092678911949859
-0.3614630264339326 0.027803673584957698
-0.3506730853463525 0.04633945597492949
-0.3398831442587724 0.0
-0.32909320317119234 0.04633945597492949
-0.31830326208361226 0.037071564779943784
-0.30751332099603224 0.12975047672980192
-0.2967233799084521 0.176089932704733
-0.2859334388208721 0.1204825855348167
-0.275143497733292 0.1390183679247885
-0.2643535566457119 0.17608993270473208
-0.25356361555813184 0.25950095345960517
-0.24277367447055176 0.23169727987464747
-0.23198373338297168 0.36144775660445005
-0.2211937922953916 0.5097340157242245
-0.21040385120781152 0.6024129276740835
-0.19961391012023144 0.7970386427687874
-0.18882396903265136 0.8989854459136323
-0.17803402794507128 0.824842316353745
-0.1672440868574912 1.0843432698133504
-0.15645414576991112 1.3438442232729555
-0.14566420468233104 1.297504767298026
-0.13487426359475096 1.760899327047321
-0.12408432250717089 2.205758104406644
-0.1132943814195908 2.2150259956016414
-0.10250444033201078 2.2706333427715455
-0.0917144992444307 2.5672058610110944
-0.08092455815685062 2.9193857264205585
-0.07013461706927054 2.9842609647854594
-0.059344675981690465 3.7442280427743033
-0.048554734894110385 3.4291197421447834
-0.037764793806530306 3.7998353899442385
-0.026974852718950282 3.8461748459191285
-0.016184911631370147 3.9110500842840694
-0.005394970543790123 3.957389540258959
0.005394970543790012 3.6052096748495335
0.016184911631370036 3.697888586799355
0.02697485271895017 3.6793528044094206
0.037764793806530195 3.447655524534737
0.04855473489411033 3.4569234157297584
0.059344675981690354 3.2252261358550762
0.07013461706927049 2.984260964785475
0.08092455815685051 2.780367358495756
0.09171449924443065 2.3911159283063745
0.10250444033201067 2.2150259956016187
0.1132943814195908 1.8628461301921755
0.12408432250717083 1.74236354465734
0.13487426359475096 1.4365231352228218
0.145664204682331 1.1677542905682294
0.156454145769911 1.2233616377381324
0.16724408685749115 0.9175212283036087
0.17803402794507117 0.7599670779888399
0.1888239690326513 0.7414312955988758
0.19961391012023133 0.4726624509442784
0.21040385120781147 0.41705510377436766
0.2211937922953915 0.2687688446545897
0.23198373338297162 0.27803673584957844
0.24277367447055165 0.25950095345960383
0.2535636155581318 0.1575541503147611
0.2643535566457118 0.12975047672980192
0.27514349773329194 0.12048258553481733
0.28593343882087197 0.10194680314484438
0.2967233799084521 0.06487523836490164
0.3075133209960321 0.05560734716991511
0.31830326208361226 0.02780367358495784
0.3290932031711923 0.02780367358495784
0.3398831442587723 0.018535782389971705
0.35067308534635244 0.009267891194985946
0.36146302643393247 0.03707156477994341
0.3722529675215126 0.009267891194985946
0.3830429086090926 0.027803673584957556
0.39383284969667276 0.009267891194985946
0.4046227907842528 0.0
0.4154127318718329 0.0
0.42620267295941294 0.0
0.4369926140469931 0.009267891194985946
0.4477825551345731 0.0
0.45857249622215324 0.0
0.46936243730973326 0.0
0.4801523783973133 0.0
0.4909423194848933 0.0
0.5017322605724736 0.009267891194985946
0.5125222016600536 0.0
0.5233121427476336 0.0
0.5341020838352136 0.009267891194985757
0.5448920249227939 
