-0.003848803004941797 1.3120962526572235
-0.0037725890840518603 0.0
-0.003696375163161924 1.3120962526572235
-0.0036201612422719874 0.0
-0.0035439473213820507 0.0
-0.003467733400492114 2.624192505314447
-0.0033915194796021774 0.0
-0.003315305558712241 0.0
-0.0032390916378223045 1.3120962526572235
-0.0031628777169323678 1.312096252657231
-0.0030866637960424315 0.0
-0.003010449875152495 0.0
-0.002934235954262558 2.624192505314447
-0.0028580220333726215 2.624192505314447
-0.002781808112482685 7.872577515943386
-0.0027055941915927486 5.248385010628894
-0.002629380270702812 3.9362887579716705
-0.0025531663498128752 11.80886627391508
-0.002476952428922939 17.057251284543906
-0.0024007385080330023 19.681443789858353
-0.0023245245871430656 20.993540042515576
-0.002248310666253129 22.3056362951728
-0.0021720967453631923 20.993540042515697
-0.002095882824473256 39.362887579716705
-0.0020196689035833193 39.362887579716705
-0.0019434549826933827 65.60481263286117
-0.001867241061803446 69.54110139083325
-0.0017910271409135098 81.34996766474787
-0.001714813220023573 98.40721894929176
-0.0016385992991336364 110.21608522320741
-0.0015623853782437002 97.09512269663455
-0.0014861714573537635 120.71285524446456
-0.0014099575364638268 145.6426840449518
-0.0013337436155738901 175.82089785606797
-0.0012575296946839534 186.31766787732678
-0.0011813157737940172 205.99911166718408
-0.0011051018529040805 211.247496677813
-0.0010288879320141438 236.17732547830158
-0.0009526740111242076 286.03698307927476
-0.0008764600902342709 303.09423436381866
-0.0008002461693443342 297.8458493531897
-0.0007240322484543976 296.5337531005325
-0.0006478183275644609 329.33615941696496
-0.0005716044066745246 352.9538919647931
-0.000495390485784588 371.32323950199424
-0.0004191765648946513 343.7692181961945
-0.00034296264400471505 394.94097204982427
-0.00026674872311477837 419.87080085031147
-0.0001905348022248417 381.820009523252
-0.00011432088133490502 472.35465095660044
-3.810696044496834e-05 450.0490146614302
3.8106960444967905e-05 443.488533398139
0.00011432088133490502 431.67966712423146
0.00019053480222484083 443.4885333981415
0.0002667487231147775 408.0619345763965
0.0003429626440047142 411.99822333436816
0.00041917656489465086 372.63533575465146
0.0004953904857845875 371.32323950199424
0.0005716044066745242 309.65471562710474
0.0006478183275644609 322.77567815368064
0.0007240322484543967 278.1644055633314
0.0008002461693443334 301.7821381111614
0.0008764600902342701 270.29182804738804
0.0009526740111242067 228.30474796235688
0.0010288879320141434 255.8587692681586
0.00110510185290408 195.5023416459263
0.0011813157737940168 152.20316530823794
0.0012575296946839534 156.1394540662096
0.0013337436155738901 143.018491539639
0.001409957536463826 122.02495149712179
0.0014861714573537626 120.71285524446456
0.0015623853782436993 99.71931520194899
0.001638599299133636 87.91044892803399
0.0017148132200235726 80.03787141209064
0.0017910271409135093 62.98062012754673
0.001867241061803446 55.108042611604006
0.0019434549826933818 44.6112725903456
0.0020196689035833185 49.859657600974494
0.002095882824473255 38.050791327059486
0.002172096745363192 28.866117558458917
0.0022483106662531285 24.929828800487247
0.002324524587143065 14.433058779229459
0.002400738508033002 13.120962526572233
0.0024769524289229385 10.496770021257788
0.0025531663498128752 13.120962526572384
0.002629380270702811 6.560481263286117
0.0027055941915927477 10.496770021257788
0.0027818081124826844 5.248385010628894
0.002858022033372621 2.624192505314447
0.0029342359542625577 1.3120962526572235
0.0030104498751524944 0.0
0.003086663796042431 0.0
0.003162877716932367 0.0
0.0032390916378223036 1.3120962526572235
0.0033153055587122403 1.3120962526572235
0.003391519479602177 2.624192505314447
0.0034677334004921136 0.0
0.0035439473213820503 1.3120962526572235
0.003620161242271987 0.0
0.0036963751631619236 0.0
0.0037725890840518603 0.0
0.003848803004941797 
