-0.004592342097889973 1.0996567529932768
-0.004501404630605024 0.0
-0.004410467163320073 3.29897025897983
-0.0043195296960351235 1.0996567529932664
-0.004228592228750173 1.0996567529932768
-0.0041376547614652235 0.0
-0.004046717294180273 2.1993135059865536
-0.0039557798268953235 6.59794051795963
-0.0038648423596103734 4.398627011973086
-0.0037739048923254234 5.4982837649663585
-0.0036829674250404734 1.0996567529932715
-0.0035920299577555234 4.398627011973107
-0.003501092490470574 5.498283764966332
-0.0034101550231856233 9.896910776939492
-0.0033192175559006738 14.295537788912531
-0.0032282800886157237 9.896910776939444
-0.0031373426213307737 15.395194541905802
-0.0030464051540458237 9.896910776939444
-0.0029554676867608737 16.494851294899153
-0.002864530219475924 31.890045836804724
-0.0027735927521909736 26.39176207183864
-0.002682655284906024 36.28867284877796
-0.002591717817621074 31.890045836804877
-0.002500780350336124 34.08935934279142
-0.002409842883051174 61.58077816762321
-0.002318905415766224 48.38489713170395
-0.002227967948481274 72.57734569755593
-0.002137030481196324 75.8763159565361
-0.0020460930139113744 97.86945101640117
-0.0019551555466264243 84.6735699804819
-0.0018642180793414743 106.66670504034734
-0.0017732806120565243 115.46395906429352
-0.0016823431447715743 100.06876452238771
-0.0015914056774866243 157.25091567803784
-0.0015004682102016742 153.951945419058
-0.0014095307429167242 162.7491994430042
-0.0013185932756317742 191.34027502083018
-0.0012276558083468246 191.34027502082927
-0.0011367183410618746 211.13409657470817
-0.0010457808737769246 244.1237991645063
-0.0009548434064919746 254.02070994144574
-0.0008639059392070245 260.6186504594054
-0.0007729684719220745 294.7080098021968
-0.0006820310046371245 299.1066368141713
-0.0005910935373521749 302.40560707314825
-0.0005001560700672245 318.90045836805024
-0.00040921860278227487 344.1925636868924
-0.0003182811354973244 311.20286109709735
-0.00022734366821237483 337.594623168936
-0.00013640620092742525 340.89359342791255
-4.546873364247479e-05 309.00354759111076
4.546873364247479e-05 330.9966826509732
0.00013640620092742525 296.90732330818474
0.00022734366821237483 307.9038908381146
0.0003182811354973253 285.91075577825194
0.00040921860278227487 332.0963394039696
0.0005001560700672245 296.9073233081819
0.0005910935373521749 285.91075577825194
0.0006820310046371245 232.02757488157923
0.000772968471922075 274.91418824831925
0.0008639059392070245 245.22345591749837
0.000954843406491975 238.62551539954106
0.0010457808737769246 224.32997761062634
0.001136718341061875 215.53272358668227
0.0012276558083468246 175.9450804789243
0.0013185932756317742 166.04816970198323
0.0014095307429167247 169.34713996096463
0.0015004682102016742 148.45366165409095
0.0015914056774866247 137.45709412415962
0.0016823431447715743 105.56704828735357
0.0017732806120565247 107.76636179334113
0.0018642180793414743 96.76979426340743
0.0019551555466264248 71.47768894456298
0.0020460930139113744 94.57048075742182
0.002137030481196324 68.17871868558251
0.0022279679484812744 48.38489713170418
0.002318905415766224 43.986270119730655
0.0024098428830511744 42.8866133667378
0.002500780350336124 35.189016095784524
0.0025917178176210745 25.292105318845366
0.002682655284906024 29.690732330818474
0.0027735927521909736 20.89347830687206
0.002864530219475924 23.092791812858813
0.0029554676867608737 15.395194541905731
0.003046405154045824 18.694164800885705
0.0031373426213307737 7.6975972709528655
0.003228280088615724 20.89347830687226
0.0033192175559006738 5.498283764966384
0.0034101550231856233 6.59794051795966
0.003501092490470573 5.498283764966279
0.0035920299577555242 3.29897025897983
0.003682967425040474 5.498283764966384
0.0037739048923254234 2.1993135059865536
0.003864842359610373 1.099656752993256
0.003955779826895324 0.0
0.004046717294180274 0.0
0.0041376547614652235 1.0996567529932768
0.004228592228750173 2.1993135059865536
0.004319529696035123 1.099656752993256
0.004410467163320074 1.0996567529932768
0.004501404630605024 0.0
0.004592342097889973 
