-0.0059674695364332914 0.8462548437270018
-0.005849301822840553 0.0
-0.0057311341092478145 0.0
-0.005612966395655076 0.0
-0.0054947986820623376 0.0
-0.005376630968469599 0.0
-0.005258463254876861 0.0
-0.005140295541284122 0.0
-0.005022127827691384 0.0
-0.004903960114098645 0.0
-0.004785792400505907 0.8462548437270018
-0.004667624686913168 0.0
-0.00454945697332043 0.846254843727008
-0.004431289259727692 4.231274218634978
-0.004313121546134953 4.23127421863504
-0.004194953832542215 4.231274218634978
-0.004076786118949476 1.692509687454016
-0.003958618405356738 2.538764531180996
-0.0038404506917639994 7.616293593543015
-0.003722282978171261 11.001312968451023
-0.0036041152645785225 13.540077499632028
-0.003485947550985784 14.38633234335903
-0.0033677798373930455 15.23258718708603
-0.003249612123800307 16.078842030813092
-0.003131444410207569 30.46517437417206
-0.0030132766966148306 31.311429217899068
-0.002895108983022092 28.77266468671806
-0.0027769412694293536 39.773977655169084
-0.002658773555836615 44.851506717531095
-0.0025406058422438767 66.00787781070613
-0.002422438128651138 60.93034874834412
-0.0023042704150583997 60.08409390461713
-0.0021861027014656613 77.00919077915717
-0.002067934987872923 98.1655618723322
-0.0019497672742801843 123.55320718414227
-0.0018315995606874459 121.86069749668825
-0.0017134318470947074 154.86463640204133
-0.001595264133501969 145.55583312104432
-0.0014770964199092304 172.63598812030835
-0.001358928706316492 185.3298107762134
-0.0012407609927237535 202.25490765075344
-0.001122593279131015 193.7923592134834
-0.0010044255655382766 223.41127874392848
-0.0008862578519455381 251.3376885869195
-0.0007680901383527996 259.8002370241895
-0.0006499224247600612 271.6478048363676
-0.0005317547111673227 294.4966856169966
-0.0004135869975745842 304.6517437417229
-0.0002954192839818466 300.42046952308567
-0.00017725157038910814 315.65305671017165
-5.908385679636967e-05 309.72927280408265
5.90838567963688e-05 290.2654113983616
0.00017725157038910727 290.2654113983616
0.00029541928398184574 278.41784358618355
0.0004135869975745842 243.7213949933765
0.0005317547111673227 261.4927467116436
0.0006499224247600612 262.33900155537054
0.0007680901383527996 239.4901207747415
0.0008862578519455381 235.25884655610648
0.0010044255655382766 214.94873030665846
0.001122593279131015 183.6373010887594
0.0012407609927237535 192.0998495260294
0.001358928706316492 185.3298107762134
0.0014770964199092304 163.32718483931134
0.001595264133501969 126.93822655905026
0.0017134318470947074 131.16950077768527
0.0018315995606874459 94.7805424974249
0.0019497672742801835 94.7805424974235
0.002067934987872923 95.62679734115191
0.0021861027014656604 65.16162296697867
0.0023042704150583997 49.082780936166465
0.0024224381286511373 46.54401640498476
0.0025406058422438767 41.466487342623395
0.0026587735558366143 42.31274218634978
0.0027769412694293536 27.926409842991266
0.002895108983022091 31.311429217898834
0.0030132766966148306 21.1563710931752
0.003131444410207568 18.617606561993902
0.0032496121238003075 13.540077499632128
0.003367779837393045 8.462548437269955
0.0034859475509857844 10.155058124724096
0.003604115264578522 5.9237839060889685
0.0037222829781712614 5.9237839060890565
0.003840450691763999 6.770038749815964
0.003958618405356738 3.385019374908032
0.004076786118949476 1.692509687453991
0.004194953832542215 0.0
0.004313121546134953 1.692509687453991
0.004431289259727692 2.538764531181024
0.00454945697332043 4.231274218634978
0.004667624686913169 3.385019374908032
0.004785792400505907 0.0
0.004903960114098646 0.0
0.005022127827691384 1.692509687453991
0.005140295541284123 0.0
0.005258463254876861 0.0
0.005376630968469598 0.0
0.0054947986820623376 0.0
0.005612966395655075 0.0
0.0057311341092478145 0.0
0.005849301822840552 0.0
0.0059674695364332914 
