-1.0269648931156303 0.004917402760165629
-1.006628954638093 0.004917402760165629
-0.9862930161605559 0.0
-0.9659570776830186 0.0
-0.9456211392054814 0.004917402760165629
-0.9252852007279442 0.0
-0.904949262250407 0.0
-0.8846133237728697 0.0
-0.8642773852953325 0.0
-0.8439414468177953 0.0
-0.823605508340258 0.019669611040662515
-0.8032695698627208 0.014752208280496887
-0.7829336313851836 0.019669611040662515
-0.7625976929076463 0.009834805520331258
-0.7422617544301091 0.019669611040662515
-0.7219258159525719 0.029504416560993774
-0.7015898774750347 0.05409143036182193
-0.6812539389974974 0.034421819321159404
-0.6609180005199602 0.04425662484149066
-0.640582062042423 0.06884363864231881
-0.6202461235648857 0.06392623588215318
-0.5999101850873485 0.0835958469228157
-0.5795742466098113 0.06884363864231881
-0.559238308132274 0.12785247176430567
-0.5389023696547367 0.1180176662439751
-0.5185664311771995 0.1671916938456314
-0.49823049269966224 0.172109096605797
-0.477894554222125 0.1622742910854658
-0.4575586157445878 0.23111792972778458
-0.43722267726705055 0.31471377665060024
-0.4168867387895133 0.3393007904514284
-0.3965508003119761 0.43273144289457544
-0.37621486183443886 0.40814442909374726
-0.35587892335690163 0.5261620953377224
-0.3355429848793644 0.6195927477808693
-0.3152070464018272 0.7179408029841818
-0.29487110792428994 0.6835189836630224
-0.2745351694467527 0.8162888581874945
-0.2541992309692155 0.9146369133908071
-0.23386329249167825 1.0572415934356103
-0.21352735401414102 1.1408374403584258
-0.1931914155366038 1.2441028983219042
-0.17285547705906656 1.4604686197691918
-0.15251953858152933 1.4948904390903515
-0.1321836001039921 1.2883595231633949
-0.11184766162645488 1.5342296611716764
-0.09151172314891765 1.6079907025741609
-0.07117578467138042 1.9128696737044193
-0.050839846193843075 1.8194390212612828
-0.030503907716305845 1.7850172019401234
-0.010167969238768615 1.75551278537913
0.010167969238768615 1.7456779798587985
0.030503907716305845 1.7014213550173076
0.050839846193843075 1.8243564240214485
0.0711757846713803 1.657164730175817
0.09151172314891753 1.7063387577774733
0.11184766162645476 1.5735688832530013
0.132183600103992 1.3719553700862106
0.15251953858152922 1.17034185691942
0.17285547705906645 1.1752592596795854
0.19319141553660368 1.2096810790007448
0.2135273540141409 1.0179023713542852
0.23386329249167814 1.008067565833954
0.2541992309692154 0.8556280802688195
0.2745351694467526 0.7523626223053413
0.29487110792428983 0.7867844416265006
0.31520704640182706 0.6343449560613662
0.3355429848793643 0.4966576787767286
0.3558789233569015 0.476988067736066
0.37621486183443875 0.40814442909374726
0.396550800311976 0.304878971130269
0.4168867387895132 0.3393007904514284
0.43722267726705044 0.27537455456927523
0.45755861574458767 0.22128312420745333
0.4778945542221249 0.15735688832530012
0.49823049269966213 0.172109096605797
0.5185664311771994 0.09343065244314697
0.5389023696547366 0.14260468004480323
0.5592383081322738 0.09343065244314697
0.579574246609811 0.06392623588215318
0.5999101850873483 0.06884363864231881
0.6202461235648855 0.04917402760165629
0.6405820620424227 0.04425662484149066
0.66091800051996 0.014752208280496887
0.6812539389974972 0.05409143036182193
0.7015898774750344 0.034421819321159404
0.7219258159525717 0.024587013800828145
0.7422617544301089 0.004917402760165629
0.7625976929076461 0.004917402760165629
0.7829336313851833 0.0
0.8032695698627206 0.014752208280496887
0.8236055083402578 0.009834805520331258
0.843941446817795 0.004917402760165629
0.8642773852953323 0.0
0.8846133237728695 0.004917402760165629
0.9049492622504067 0.004917402760165576
0.9252852007279442 0.0
0.9456211392054814 0.0
0.9659570776830186 0.0
0.9862930161605559 0.0
1.006628954638093 0.0
1.0269648931156303 
