-0.005339971658966052 0.945697903006812
-0.005234229645917219 0.0
-0.005128487632868386 0.945697903006812
-0.005022745619819554 0.0
-0.004917003606770721 0.0
-0.004811261593721888 0.945697903006812
-0.004705519580673056 0.945697903006812
-0.004599777567624223 0.945697903006812
-0.00449403555457539 0.945697903006812
-0.004388293541526558 0.9456979030068041
-0.004282551528477724 0.0
-0.004176809515428892 2.8370937090204125
-0.004071067502380059 3.782791612027279
-0.003965325489331227 0.9456979030068041
-0.0038595834762823935 0.945697903006812
-0.003753841463233561 0.945697903006812
-0.003648099450184728 5.674187418040872
-0.0035423574371358955 5.674187418040872
-0.003436615424087063 10.402676933074932
-0.00333087341103823 6.619885321047684
-0.0032251313979893975 13.239770642095367
-0.003119389384940565 16.076864351115802
-0.003013647371891732 16.076864351115802
-0.0029079053588428995 28.37093709020436
-0.002802163345794067 29.316634993211174
-0.002696421332745234 37.82791612027248
-0.0025906793196964015 46.3391972473336
-0.0024849373066475684 52.01338466537466
-0.0023791952935987358 52.95908256838147
-0.002273453280549903 62.416061598449595
-0.0021677112675010705 76.60153014355177
-0.002061969254452238 81.33001965858584
-0.001956227241403405 75.65583224054495
-0.0018504852283545725 117.2665399728447
-0.0017447432153057398 129.56061271193323
-0.0016390012022569071 158.8772477051444
-0.0015332591892080745 155.09445609311652
-0.0014275171761592414 205.2164449524782
-0.0013217751631104087 188.1938826983556
-0.001216033150061576 230.75028833366213
-0.0011102911370127434 235.47877784869618
-0.0010045491239639107 214.67342398254632
-0.0008988071109150781 248.71854849079153
-0.0007930650978662454 290.3292562230913
-0.0006873230848174127 279.9265792900164
-0.0005815810717685801 284.6550688050504
-0.0004758390587197474 311.13461008924116
-0.00037009704567091475 303.56902686518663
-0.0002643550326220821 310.18891218623435
-0.00015861301957324943 336.66845347042505
-5.2871006524416765e-05 308.2975163802207
5.28710065244159e-05 311.13461008924116
0.00015861301957324856 282.76367299903677
0.0002643550326220812 264.7954128419052
0.00037009704567091475 286.54646461106404
0.0004758390587197474 293.1663499321117
0.0005815810717685801 273.30669396896866
0.0006873230848174127 268.5782044539346
0.0007930650978662454 244.93575687876432
0.0008988071109150781 234.5330799456894
0.0010045491239639107 217.51051769156675
0.0011102911370127434 201.43365334045095
0.001216033150061576 179.68260157129427
0.0013217751631104087 182.51969528031472
0.0014275171761592414 168.33422673521252
0.001533259189208074 155.09445609311717
0.0016390012022569067 140.90898754801498
0.0017447432153057394 120.10363368186513
0.001850485228354572 97.40688400970163
0.0019562272414034047 84.16711336760626
0.0020619692544522374 80.38432175557902
0.00216771126750107 70.9273427255109
0.0022734532805499027 56.74187418040872
0.0023791952935987353 47.28489515034021
0.002484937306647569 36.88221821726597
0.0025906793196964007 32.15372870223135
0.002696421332745234 29.316634993211412
0.002802163345794066 30.262332896217732
0.0029079053588428995 26.47954128419095
0.0030136473718917313 16.076864351115674
0.003119389384940565 15.131166448109116
0.0032251313979893967 12.294072739088456
0.00333087341103823 11.348374836081836
0.003436615424087062 14.185468545102063
0.0035423574371358955 4.728489515034099
0.0036480994501847273 6.61988532104763
0.003753841463233561 1.8913958060136082
0.0038595834762823944 1.8913958060136395
0.003965325489331226 1.8913958060136082
0.00407106750238006 2.837093709020459
0.0041768095154288915 5.674187418040825
0.004282551528477725 1.8913958060136395
0.004388293541526557 0.0
0.00449403555457539 0.0
0.004599777567624222 0.0
0.004705519580673056 0.9456979030068198
0.0048112615937218875 0.9456979030068041
0.004917003606770721 0.0
0.005022745619819553 0.0
0.005128487632868386 0.0
0.005234229645917218 0.0
0.005339971658966052 
