-0.039793506891261404 0.12690512584878486
-0.039005516655790884 0.0
-0.03821752642032036 0.0
-0.037429536184849836 0.0
-0.036641545949379316 0.0
-0.03585355571390879 0.0
-0.03506556547843827 0.0
-0.03427757524296775 0.0
-0.03348958500749722 0.12690512584878486
-0.0327015947720267 0.0
-0.03191360453655617 0.0
-0.031125614301085652 0.0
-0.030337624065615132 0.3807153775463512
-0.029549633830144605 0.2538102516975697
-0.028761643594674084 0.2538102516975686
-0.02797365335920356 0.2538102516975686
-0.027185663123733037 0.12690512584878486
-0.026397672888262516 0.1269051258487843
-0.025609682652791992 0.7614307550927057
-0.02482169241732147 1.0152410067902788
-0.024033702181850948 0.5076205033951372
-0.023245711946380424 0.6345256292439215
-0.0224577217109099 1.6497666360341958
-0.021669731475439376 1.6497666360342031
-0.020881741239968856 2.1573871394293334
-0.020093751004498332 3.9340589013123126
-0.01930576076902781 4.568584530556255
-0.018517770533557288 4.822394782253803
-0.017729780298086764 5.837635789044078
-0.01694179006261624 8.375738306019764
-0.016153799827145716 8.3757383060198
-0.015365809591675196 9.898599816205175
-0.014577819356204672 12.563607459029646
-0.013789829120734148 12.944322836576054
-0.013001838885263628 14.340279220912626
-0.012213848649793104 18.401243248073722
-0.01142585841432258 21.446966268444548
-0.010637868178852056 22.20839702353735
-0.009849877943381536 25.634835421454426
-0.009061887707911012 28.553653315976593
-0.008273897472440492 32.741522468986204
-0.0074859072369699645 33.37604809823041
-0.006697917001499444 32.61461734313771
-0.005909926766028924 38.32534800633269
-0.005121936530558396 39.975114642367224
-0.004333946295087876 40.35583001991323
-0.0035459560596173487 46.066560683108904
-0.0027579658241468283 47.08180168989918
-0.001969975588676308 48.85847345178174
-0.0011819853532057806 48.22394782253824
-0.0003939951177352602 48.097042696689456
0.0003939951177352602 50.0006195844208
0.0011819853532057875 45.68584530556255
0.001969975588676308 42.38631203349414
0.0027579658241468283 43.52845816613282
0.0035459560596173556 39.848209516518445
0.004333946295087876 39.467494138972086
0.005121936530558396 35.152719860113095
0.005909926766028924 36.0410557410549
0.006697917001499444 34.01057372747404
0.007485907236969971 34.3912891050207
0.008273897472440492 26.015550799000895
0.009061887707911012 24.365784162966477
0.00984987794338154 21.70077652014221
0.01063786817885206 17.639812492981093
0.01142585841432258 18.908863751468775
0.012213848649793108 13.959563843366334
0.013001838885263628 14.720994598459042
0.013789829120734148 12.56360745902959
0.014577819356204676 8.756453683566155
0.015365809591675196 7.741212676775808
0.016153799827145723 7.741212676775876
0.016941790062616244 4.568584530556255
0.017729780298086764 4.06096402716108
0.01851777053355729 3.9340589013123304
0.019305760769027812 2.5381025169756968
0.020093751004498332 1.6497666360341885
0.02088174123996886 2.9188178945220518
0.02166973147543938 2.0304820135805577
0.0224577217109099 1.1421461326390638
0.02324571194638042 0.8883358809414783
0.024033702181850955 0.38071537754635454
0.024821692417321475 0.888335880941494
0.025609682652791996 0.6345256292439242
0.026397672888262516 0.38071537754635454
0.027185663123733037 0.2538102516975697
0.027973653359203557 0.2538102516975652
0.02876164359467409 0.0
0.02954963383014461 0.0
0.030337624065615132 0.12690512584878486
0.031125614301085652 0.12690512584878486
0.03191360453655617 0.0
0.03270159477202671 0.0
0.03348958500749723 0.0
0.03427757524296775 0.0
0.03506556547843827 0.0
0.03585355571390879 0.0
0.03664154594937931 0.0
0.03742953618484984 0.0
0.038217526420320364 0.0
0.039005516655790884 0.0
0.039793506891261404 
