-0.0049919183894310964 1.0116351282288363
-0.004893068520333451 0.0
-0.004794218651235805 0.0
-0.00469536878213816 0.0
-0.004596518913040515 0.0
-0.0044976690439428695 0.0
-0.004398819174845223 0.0
-0.004299969305747578 0.0
-0.004201119436649933 0.0
-0.004102269567552287 2.0232702564576726
-0.004003419698454642 0.0
-0.0039045698293569964 3.0349053846864953
-0.0038057199602593507 0.0
-0.003706870091161705 4.046540512915345
-0.00360802022206406 1.0116351282288363
-0.0035091703529664146 4.0465405129153265
-0.003410320483868769 5.0581756411441585
-0.0033114706147711233 4.046540512915345
-0.003212620745673478 13.151256666974872
-0.003113770876575833 6.069810769372991
-0.003014921007478187 10.116351282288317
-0.0029160711383805415 12.139621538746034
-0.0028172212692828963 15.174526923432477
-0.0027183714001852506 21.244337692805466
-0.002619521531087605 28.325783590407415
-0.0025206716619899597 24.279243077491962
-0.002421821792892314 30.349053846865083
-0.002322971923794669 48.558486154983925
-0.002224122054697023 57.66320230904366
-0.002125272185599378 71.82609410424705
-0.0020264223165017323 67.77955359133203
-0.001927572447404087 84.97735077122186
-0.0018287225783064414 106.22168846402734
-0.0017298727092087958 107.23332359225664
-0.0016310228401111506 147.69872872140942
-0.001532172971013505 140.61728282380824
-0.0014333231019158597 151.74526923432475
-0.001334473232818214 174.00124205535982
-0.0012356233637205688 165.9081610295284
-0.0011367734946229231 240.769160518463
-0.001037923625525278 240.7691605184609
-0.0009390737564276318 234.69934974909
-0.0008402238873299866 296.409092571049
-0.0007413740182323414 280.22293051938766
-0.0006425241491346961 296.4090925710464
-0.00054367428003705 327.76978154614295
-0.0004448244109394048 334.8512274437448
-0.0003459745418417596 333.839592315513
-0.0002471246727441135 361.1537407776945
-0.00014827480364646827 351.03738949540616
-4.9424934548823046e-05 365.20028129060984
4.942493454882218e-05 365.20028129060665
0.00014827480364646827 370.25845693175404
0.0002471246727441135 329.7930518026006
0.0003459745418417587 342.94430846957545
0.00044482441093940395 309.56034923802116
0.00054367428003705 314.6185248791681
0.0006425241491346953 316.6417951356257
0.0007413740182323405 295.39745744281754
0.0008402238873299866 263.0251333394974
0.0009390737564276318 208.39683641514026
0.001037923625525277 226.60626872325932
0.0011367734946229223 205.36193103045196
0.0012356233637205684 197.26885000462306
0.0013344732328182136 177.03614744004634
0.0014333231019158588 146.68709359317998
0.001532172971013505 141.62891795203706
0.0016310228401111501 134.54747205443522
0.0017298727092087953 100.15187769465479
0.0018287225783064406 70.81445897601792
0.0019275724474040867 69.8028238477897
0.002026422316501732 58.6748374372725
0.002125272185599377 57.66320230904316
0.002224122054697023 49.57012128321298
0.0023229719237946684 34.39559435978043
0.0024218217928923137 37.430499744466935
0.002520671661989959 27.314148462178338
0.002619521531087605 26.302513333949744
0.00271837140018525 17.197797179890216
0.0028172212692828954 7.081445897601854
0.0029160711383805406 11.1279864105171
0.0030149210074781867 6.069810769372964
0.003113770876575833 8.093081025830761
0.003212620745673477 4.04654051291531
0.0033114706147711233 4.046540512915381
0.0034103204838687676 4.04654051291531
0.0035091703529664137 2.023270256457655
0.00360802022206406 1.0116351282288452
0.003706870091161704 0.0
0.0038057199602593503 1.0116351282288274
0.0039045698293569964 1.0116351282288452
0.004003419698454641 0.0
0.004102269567552287 0.0
0.004201119436649933 0.0
0.004299969305747577 0.0
0.004398819174845223 0.0
0.0044976690439428695 0.0
0.004596518913040514 0.0
0.00469536878213816 0.0
0.004794218651235804 0.0
0.00489306852033345 0.0
0.0049919183894310964 
