-0.007218475746243214 0.0
-0.00707553563245622 0.0
-0.006932595518669225 0.0
-0.006789655404882231 0.0
-0.0066467152910952365 0.0
-0.006503775177308243 1.3991873568677449
-0.006360835063521248 1.3991873568677533
-0.006217894949734254 1.3991873568677533
-0.00607495483594726 0.0
-0.005932014722160265 0.6995936784338724
-0.00578907460837327 1.3991873568677533
-0.005646134494586276 0.6995936784338767
-0.005503194380799282 0.6995936784338724
-0.005360254267012287 4.19756207060326
-0.005217314153225293 2.7983747137355066
-0.005074374039438299 4.897155749037107
-0.0049314339256513046 11.193498854941959
-0.00478849381186431 9.794311498074272
-0.004645553698077316 9.794311498074272
-0.004502613584290322 10.493905176508086
-0.004359673470503327 14.691467247111408
-0.004216733356716333 25.884966102053436
-0.004073793242929339 33.58049656482587
-0.003930853129142344 27.284153458921104
-0.0037879130153553498 36.378871278561476
-0.0036449729015683554 28.683340815788856
-0.003502032787781361 41.97562070603247
-0.0033590926739943665 32.18130920795833
-0.0032161525602073726 52.46952588254043
-0.0030732124464203777 62.963431059048894
-0.0029302723326333838 57.36668163157754
-0.002787332218846389 77.6548983061603
-0.002644392105059395 81.85246037676356
-0.002501451991272401 102.14067705134538
-0.002358511877485406 96.54392762387498
-0.002215571763698412 124.52767476122929
-0.0020726316499114173 124.52767476123006
-0.0019296915361244234 124.52767476122929
-0.0017867514223374285 142.71711040051085
-0.0016438113085504346 146.21507879267932
-0.0015008711947634397 151.81182822015123
-0.0013579310809764458 183.29354374967568
-0.0012149909671894518 178.39638800063744
-0.001072050853402457 183.99313742810955
-0.000929110739615463 218.27322767136818
-0.0007861706258284681 184.69273110654345
-0.0006432305120414742 187.4911058202778
-0.0005002903982544793 232.26510124004707
-0.00035735028446748536 227.3679454910099
-0.0002144101706804914 230.166320204744
-7.147005689349655e-05 224.56957077727438
7.147005689349742e-05 209.87810353016172
0.00021441017068049226 211.97688456546464
0.00035735028446748623 191.68866789088105
0.0005002903982544811 197.9850109967859
0.0006432305120414759 205.68054145956097
0.000786170625828469 179.09598167907134
0.0009291107396154638 171.40045121629873
0.0010720508534024587 180.49516903594127
0.0012149909671894518 160.2069523613568
0.0013579310809764466 153.21101557701806
0.0015008711947634415 141.31792304364225
0.0016438113085504363 143.4167040789456
0.0017867514223374294 122.42889372592767
0.0019296915361244242 111.93498854941959
0.002072631649911419 111.93498854942094
0.002215571763698412 87.44920980423404
0.002358511877485407 87.44920980423404
0.002501451991272402 76.2557109492921
0.0026443921050593967 69.9593678433881
0.00278733221884639 60.8646500237469
0.0029302723326333846 61.564243702180775
0.0030732124464203795 52.46952588254106
0.0032161525602073726 46.17318277663558
0.0033590926739943674 38.47765231386298
0.0035020327877813623 44.773995419767836
0.003644972901568357 31.48171552952464
0.00378791301535535 23.08659138831779
0.003930853129142345 16.790248282412936
0.00407379324292934 20.288216674582298
0.004216733356716335 16.790248282413142
0.004359673470503328 13.991873568677448
0.004502613584290323 14.691467247111321
0.0046455536980773175 9.794311498074332
0.004788493811864311 10.493905176508086
0.004931433925651305 3.497968392169362
0.0050743740394383 6.296343105904852
0.005217314153225295 2.0987810353016427
0.005360254267012288 2.098781035301617
0.005503194380799283 0.6995936784338724
0.005646134494586278 2.7983747137355235
0.005789074608373271 0.6995936784338724
0.005932014722160266 1.3991873568677449
0.006074954835947261 1.3991873568677449
0.0062178949497342555 0.0
0.006360835063521249 0.6995936784338724
0.0065037751773082434 0.6995936784338724
0.006646715291095238 0.0
0.006789655404882231 0.0
0.006932595518669226 0.0
0.007075535632456221 0.6995936784338809
0.007218475746243214 
