-0.008530800896529057 0.5919725546583438
-0.00836187414610274 0.0
-0.008192947395676421 0.0
-0.008024020645250103 0.0
-0.007855093894823785 0.0
-0.007686167144397468 1.7759176639750316
-0.00751724039397115 0.0
-0.0073483136435448316 0.5919725546583438
-0.0071793868931185134 0.5919725546583469
-0.007010460142692196 2.367890218633375
-0.006841533392265878 1.1839451093166875
-0.00667260664183956 1.1839451093166875
-0.006503679891413242 2.367890218633375
-0.006334753140986924 4.143807882608407
-0.006165826390560606 4.73578043726675
-0.005996899640134288 10.655505983850189
-0.0058279728897079695 6.511698101241782
-0.005659046139281651 10.655505983850244
-0.005490119388855334 14.799313866458595
-0.005321192638429016 7.69564321055847
-0.005152265888002698 17.16720408509206
-0.004983339137576381 15.983258975775284
-0.0048144123871500626 17.16720408509197
-0.0046454856367237445 23.67890218633375
-0.004476558886297426 25.454819850308784
-0.004307632135871108 28.414682623600505
-0.00413870538544479 39.07018860745069
-0.003969778635018472 39.07018860745069
-0.003800851884592154 47.35780437266775
-0.0036319251341658367 42.622023935400755
-0.0034629983837395186 56.82936524720101
-0.0032940716333132005 74.58854188695132
-0.0031251448828868824 66.3009261217345
-0.0029562181324605643 77.54840466024304
-0.002787291382034246 79.91629487887641
-0.002618364631607928 91.16377341738541
-0.002449437881181611 103.00322451055183
-0.0022805111307552927 91.16377341738495
-0.0021115843803289746 104.77914217452685
-0.0019426576299026565 139.70552289936916
-0.0017737308794763384 140.88946800868584
-0.0016048041290500203 131.41790713415298
-0.001435877378623703 156.8727269844611
-0.001266950628197385 136.15368757141908
-0.0010980238777710668 153.9128642111694
-0.0009290971273447487 168.12020552296966
-0.0007601703769184306 176.40782128818736
-0.0005912436264921134 172.26401340557805
-0.00042231687606579527 165.75231530433626
-0.00025339012563947716 172.26401340557805
-8.446337521315905e-05 171.67204085091973
8.446337521315905e-05 175.81584873352813
0.00025339012563947716 169.8961231869447
0.00042231687606579527 183.51149194408657
0.0005912436264921134 173.44795851489474
0.0007601703769184315 172.8559859602364
0.0009290971273447496 152.7289191018527
0.0010980238777710677 151.54497399253756
0.001266950628197384 150.95300143787767
0.0014358773786237022 134.37776990744405
0.0016048041290500203 153.9128642111694
0.0017737308794763384 131.41790713415233
0.0019426576299026565 129.6419894701773
0.0021115843803289746 114.25070304906035
0.0022805111307552927 116.02662071303538
0.002449437881181611 91.75574597204329
0.002618364631607929 83.46813020682649
0.002787291382034247 73.40459677763464
0.002956218132460565 72.8126242229763
0.0031251448828868832 55.645420137884315
0.0032940716333132013 55.05344758322654
0.0034629983837395177 56.82936524720101
0.003631925134165836 47.3578043726675
0.003800851884592154 30.19060028757554
0.003969778635018472 39.07018860745069
0.00413870538544479 30.19060028757554
0.004307632135871108 22.494957077017066
0.004476558886297426 17.16720408509197
0.0046454856367237445 25.454819850308784
0.0048144123871500626 26.046792404967128
0.004983339137576381 14.799313866458595
0.005152265888002699 15.39128642111694
0.005321192638429017 10.655505983850189
0.005490119388855335 10.655505983850299
0.005659046139281651 6.511698101241782
0.0058279728897079695 4.143807882608407
0.005996899640134288 8.287615765216813
0.006165826390560606 4.143807882608407
0.006334753140986924 2.367890218633375
0.006503679891413242 4.73578043726675
0.00667260664183956 1.7759176639750316
0.006841533392265878 0.0
0.007010460142692196 0.0
0.007179386893118513 0.0
0.007348313643544831 0.0
0.007517240393971149 0.0
0.007686167144397467 0.0
0.007855093894823785 0.5919725546583438
0.008024020645250103 0.5919725546583438
0.008192947395676421 0.5919725546583438
0.00836187414610274 0.5919725546583438
0.008530800896529057 
