-0.004500851126685666 2.2440200121521148
-0.004411725361800801 0.0
-0.004322599596915937 0.0
-0.004233473832031071 0.0
-0.004144348067146207 0.0
-0.0040552223022613425 0.0
-0.003966096537376477 2.2440200121521148
-0.0038769707724916128 2.2440200121521148
-0.0037878450076067483 3.3660300182281717
-0.003698719242721884 1.1220100060760518
-0.003609593477837019 1.1220100060760518
-0.003520467712952154 3.3660300182281717
-0.0034313419480672897 3.3660300182281717
-0.0033422161831824252 7.854070042532363
-0.0032530904182975604 8.976080048608415
-0.0031639646534126955 8.976080048608459
-0.003074838888527831 8.976080048608459
-0.0029857131236429666 15.708140085064725
-0.0028965873587581017 19.07417010329288
-0.002807461593873237 22.440200121521144
-0.0027183358289883724 28.05025015190143
-0.002629210064103508 26.92824014582524
-0.002540084299218643 37.02633020050971
-0.0024509585343337782 42.636380230890175
-0.0023618327694489138 43.75839023696623
-0.0022727070045640493 58.344520315954696
-0.0021835812396791845 61.71055033418285
-0.0020944554747943196 57.22251030987892
-0.002005329709909455 79.66271043140006
-0.0019162039450245907 106.5909505772249
-0.0018270781801397258 118.93306064406148
-0.001737952415254861 134.64120072912687
-0.0016488266503699965 136.88522074127897
-0.001559700885485132 164.9354708931796
-0.0014705751206002672 158.2034108567233
-0.0013814493557154023 171.66753092963674
-0.0012923235908305379 191.86371103900578
-0.0012031978259456734 218.7919511848301
-0.0011140720610608086 219.91396119090618
-0.0010249462961759437 253.57426137318896
-0.0009358205312910792 238.9881312942002
-0.0008466947664062148 261.42833141572004
-0.0007575690015213499 261.42833141572004
-0.000668443236636485 295.0886315980031
-0.0005793174717516206 317.5288317195242
-0.0004901917068667562 354.5551619200306
-0.00040106594198189086 279.38049151293825
-0.0003119401770970264 336.6030018228172
-0.00022281441221216197 328.7489317802848
-0.00013368864732729753 353.43315191395806
-4.456288244243309e-05 355.6771719261067
4.456288244243222e-05 360.16521195041435
0.00013368864732729666 342.21305185319744
0.0002228144122121611 356.7991819321827
0.0003119401770970264 310.79677168306785
0.00040106594198189086 292.84461158585094
0.0004901917068667553 319.7728517316763
0.0005793174717516197 298.45466161623125
0.0006684432366364842 288.35657156154394
0.0007575690015213495 290.6005915736988
0.0008466947664062139 254.696271379265
0.0009358205312910784 260.30632140964275
0.0010249462961759437 210.93788114229875
0.0011140720610608081 204.2058211058424
0.0012031978259456726 204.2058211058424
0.001292323590830537 194.1077310511579
0.0013814493557154015 134.64120072912556
0.0014705751206002668 139.1292407534311
0.0015597008854851312 134.64120072912687
0.0016488266503699956 100.98090054684417
0.001737952415254861 84.1507504557043
0.0018270781801397254 84.1507504557043
0.0019162039450245898 99.8588905407691
0.0020053297099094543 68.44261037063949
0.0020944554747943187 50.490450273422084
0.002183581239679184 47.1244202551944
0.0022727070045640485 49.36844026734652
0.002361832769448913 30.294270164053252
0.0024509585343337782 43.75839023696623
0.0025400842992186427 30.294270164053543
0.002629210064103507 23.5622101275972
0.0027183358289883715 25.806230139749317
0.002807461593873236 14.586130078988601
0.0028965873587581013 11.220100060760572
0.0029857131236429657 12.34211006683663
0.00307483888852783 8.97608004860837
0.0031639646534126955 6.732060036456343
0.00325309041829756 6.732060036456343
0.0033422161831824244 3.3660300182281717
0.003431341948067289 2.2440200121521148
0.0035204677129521533 3.3660300182281717
0.0036095934778370177 2.244020012152071
0.003698719242721884 2.2440200121521148
0.0037878450076067483 3.3660300182281717
0.0038769707724916128 0.0
0.003966096537376477 0.0
0.004055222302261342 0.0
0.004144348067146206 0.0
0.0042334738320310705 1.1220100060760574
0.004322599596915935 0.0
0.004411725361800799 1.1220100060760354
0.004500851126685666 
