-0.008548048632170593 0.0
-0.00837878034242464 0.0
-0.008209512052678688 0.0
-0.008040243762932735 0.0
-0.007870975473186784 0.5907781082332983
-0.007701707183440831 0.0
-0.007532438893694879 0.0
-0.007363170603948926 1.772334324699904
-0.007193902314202974 0.5907781082333013
-0.0070246340244570216 1.772334324699904
-0.006855365734711069 1.1815562164666027
-0.006686097444965117 0.5907781082333013
-0.006516829155219165 2.3631124329332054
-0.0063475608654732125 1.7723343246998948
-0.006178292575727259 0.5907781082333043
-0.006009024285981308 4.135446757633089
-0.005839755996235355 4.13544675763313
-0.0056704877064894035 7.089337298799579
-0.00550121941674345 5.3170029740997125
-0.005331951126997498 10.043227839966125
-0.005162682837251546 7.680115407032918
-0.004993414547505594 17.132565138765738
-0.004824146257759641 18.904899463465643
-0.004654877968013689 23.040346221098755
-0.004485609678267737 21.26801189639885
-0.004316341388521785 27.766571086965165
-0.004147073098775832 40.17291135986429
-0.003977804809029879 34.855908385764785
-0.003808536519283927 43.126801901031
-0.0036392682295379748 46.08069244219751
-0.0034699999397920225 52.57925163276382
-0.0033007316500460702 70.89337298799617
-0.003131463360300118 69.71181677152957
-0.0029621950705541657 67.34870433859635
-0.0027929267808082135 84.4812694773621
-0.0026236584910622612 90.38905055969511
-0.002454390201316309 108.70317191492745
-0.0022851219115703567 113.42939678079327
-0.0021158536218244036 99.84150029142793
-0.0019465853320784514 135.288186785426
-0.001777317042332499 135.288186785426
-0.0016080487525865468 160.1008673312247
-0.0014387804628405946 167.19020463002428
-0.0012695121730946423 164.82709219709108
-0.00110024388334869 163.6455359806245
-0.0009309755936027378 157.73775489829148
-0.0007617073038567856 164.23631408885694
-0.0005924390141108325 171.91642949589158
-0.00042317072436488107 194.95677571698846
-0.00025390243461892795 190.82132895935732
-8.463414487297656e-05 187.27666030995556
8.463414487297656e-05 168.96253895472506
0.00025390243461892795 176.64265436175623
0.00042317072436488107 173.68876382058974
0.0005924390141108342 181.36887922762446
0.0007617073038567856 172.50720760412312
0.0009309755936027387 155.37464246535907
0.00110024388334869 171.91642949588984
0.0012695121730946432 169.55331706295837
0.0014387804628405946 137.06052111012522
0.0016080487525865477 128.78962759486038
0.001777317042332499 112.24784056432668
0.0019465853320784522 106.34005948199479
0.0021158536218244036 107.52161569846031
0.0022851219115703567 118.74639975489296
0.00245439020131631 99.84150029142845
0.0026236584910622612 87.43516001852817
0.0027929267808082144 77.98271028679619
0.0029621950705541657 70.30259487976251
0.003131463360300119 52.5792516327641
0.0033007316500460702 56.714698390396634
0.0034699999397920234 43.71758000926453
0.0036392682295379748 40.17291135986429
0.003808536519283928 29.538905411665223
0.003977804809029879 34.265130277531306
0.004147073098775832 29.53890541166492
0.0043163413885217855 19.495677571699048
0.004485609678267737 18.31412135523225
0.00465487796801369 16.54178703053252
0.004824146257759641 15.360230814065758
0.0049934145475055945 11.224784056432783
0.005162682837251546 9.452449731732774
0.005331951126997499 6.498559190566349
0.00550121941674345 9.452449731732774
0.0056704877064894035 6.498559190566349
0.005839755996235355 2.9538905411664915
0.006009024285981308 5.317002974099686
0.006178292575727261 1.772334324699913
0.0063475608654732125 4.135446757633089
0.006516829155219166 0.0
0.006686097444965117 1.7723343246998948
0.00685536573471107 0.0
0.0070246340244570216 0.5907781082332983
0.007193902314202975 0.5907781082332983
0.007363170603948928 0.5907781082333105
0.0075324388936948775 0.0
0.007701707183440831 0.0
0.007870975473186784 0.5907781082332983
0.008040243762932737 0.5907781082332983
0.00820951205267869 0.0
0.00837878034242464 0.5907781082332983
0.008548048632170593 
