-0.0037497032610598903 0.0
-0.003675451711335932 0.0
-0.003601200161611974 0.0
-0.0035269486118880158 0.0
-0.0034526970621640576 0.0
-0.0033784455124400994 0.0
-0.003304193962716141 1.346773237350131
-0.0032299424129921825 0.0
-0.0031556908632682243 4.040319712050417
-0.003081439313544266 4.040319712050417
-0.003007187763820308 1.3467732373501389
-0.0029329362140963497 2.6935464747002777
-0.0028586846643723915 5.3870929494005555
-0.0027844331146484333 6.733866186750695
-0.002710181564924475 5.3870929494005555
-0.002635930015200517 10.774185898801111
-0.0025616784654765587 10.774185898801111
-0.0024874269157526005 14.814505610851528
-0.0024131753660286423 17.508052085551807
-0.002338923816304684 24.2419182723025
-0.002264672266580726 22.895145034952364
-0.0021904207168567677 33.66933093375348
-0.0021161691671328095 47.13706330725486
-0.0020419176174088513 40.40319712050417
-0.001967666067684893 48.48383654460486
-0.0018934145179609347 74.07252805425765
-0.0018191629682369765 70.03220834220703
-0.0017449114185130181 91.58058013980946
-0.00167065986878906 90.2338069024593
-0.0015964083190651017 115.82249841211195
-0.0015221567693411435 115.82249841211195
-0.0014479052196171853 134.6773237350139
-0.0013736536698932271 171.04020114346764
-0.001299402120169269 168.34665466876737
-0.0012251505704453107 206.05630531457126
-0.0011508990207213525 238.3788630109746
-0.0010766474709973943 215.48371797602223
-0.0010023959212734361 243.76595596037515
-0.0009281443715494779 305.7175248784815
-0.0008538928218255197 305.7175248784815
-0.0007796412721015615 343.4271755242834
-0.0007053897223776029 347.4674952363358
-0.0006311381726536447 359.5884543724871
-0.0005568866229296865 366.3223205592378
-0.0004826350732057283 348.814268473686
-0.0004083835234817701 366.3223205592378
-0.0003341319737578119 367.6690937965879
-0.0002598804240338537 436.354528901445
-0.0001856288743098955 436.354528901445
-0.0001113773245859373 426.927116239994
-3.71257748619791e-05 402.6851979676915
3.71257748619791e-05 405.3787444423918
0.0001113773245859373 378.4432796953869
0.00018562887430989593 405.3787444423918
0.00025988042403385413 397.298105018291
0.00033413197375781233 371.70941350863836
0.00040838352348177053 404.0319712050417
0.0004826350732057287 360.9352276098372
0.0005568866229296869 312.4513910652322
0.0006311381726536451 366.3223205592378
0.0007053897223776033 273.39496718207823
0.0007796412721015615 273.39496718207823
0.0008538928218255197 255.8869150965264
0.0009281443715494779 232.99177006157404
0.0010023959212734361 230.29822358687375
0.0010766474709973943 197.97566589047042
0.0011508990207213525 199.32243912782056
0.0012251505704453107 187.20147999166932
0.001299402120169269 177.77406733021834
0.0013736536698932271 141.4111899217646
0.0014479052196171853 103.7015392759607
0.0015221567693411435 103.7015392759607
0.0015964083190651017 70.03220834220723
0.00167065986878906 84.84671395305875
0.0017449114185130181 75.41930129160778
0.0018191629682369763 67.33866186750696
0.0018934145179609345 63.29834215545653
0.0019676660676848927 45.79029006990473
0.002041917617408851 37.70965064580389
0.002116169167132809 22.895145034952364
0.0021904207168567673 32.32255769640296
0.0022646722665807264 30.975784459053195
0.0023389238163046846 24.2419182723025
0.0024131753660286428 16.16127884820167
0.002487426915752601 17.508052085551807
0.002561678465476559 16.16127884820167
0.0026359300152005174 9.427412661450973
0.0027101815649244756 8.080639424100834
0.0027844331146484338 1.3467732373501389
0.002858684664372392 4.040319712050417
0.00293293621409635 2.6935464747002777
0.0030071877638203084 1.3467732373501389
0.0030814393135442666 2.6935464747002777
0.0031556908632682248 0.0
0.003229942412992183 1.3467732373501389
0.003304193962716141 0.0
0.0033784455124400994 0.0
0.0034526970621640576 0.0
0.0035269486118880158 1.3467732373501389
0.003601200161611974 0.0
0.003675451711335932 1.3467732373501389
0.0037497032610598903 
