-0.01049062094832843 0.4813823723947108
-0.010282885880044699 0.0
-0.010075150811760967 0.0
-0.009867415743477237 0.0
-0.009659680675193506 0.4813823723947108
-0.009451945606909774 0.4813823723947108
-0.009244210538626042 1.9255294895788433
-0.00903647547034231 0.0
-0.00882874040205858 1.4441471171841325
-0.008621005333774849 2.4069118619735543
-0.008413270265491117 1.4441471171841325
-0.008205535197207386 2.888294234368289
-0.007997800128923656 1.9255294895788433
-0.007790065060639924 1.4441471171841325
-0.0075823299923561925 3.8510589791576866
-0.007374594924072461 5.295206096341819
-0.007166859855788729 2.888294234368277
-0.006959124787504998 8.18350033071012
-0.006751389719221268 7.220735585920663
-0.006543654650937536 6.2579708411312405
-0.006335919582653804 9.146265075499544
-0.0061281845143700735 10.109029820288928
-0.005920449446086342 11.07179456507835
-0.00571271437780261 22.143589130156794
-0.005504979309518879 18.292530150999013
-0.005297244241235148 24.550500992130356
-0.005089509172951417 25.994648109314387
-0.004881774104667685 29.36432471607736
-0.004674039036383954 29.364324716077483
-0.004466303968100223 39.954736908761
-0.004258568899816491 49.10100198426071
-0.00405083383153276 50.063766729049924
-0.0038430987632490287 52.47067859102348
-0.003635363694965297 64.98662027328623
-0.0034276286266815663 69.31906162483837
-0.0032198935583978346 61.61694366652324
-0.003012158490114104 75.57703246596961
-0.002804423421830372 90.98126838260073
-0.0025966883535466414 92.42541549978448
-0.0023889532852629097 89.53712126541622
-0.002181218216979178 95.79509210654746
-0.0019734831486954464 118.90144598149458
-0.0017657480804117165 114.08762225754647
-0.0015580130121279848 133.3429171533349
-0.0013502779438442532 136.23121138770318
-0.0011425428755605215 138.63812324967674
-0.0009348078072767899 124.19665207783643
-0.0007270727389930599 158.37480051785988
-0.0005193376707093283 140.08227036686085
-0.0003116026024255966 163.67000661420167
-0.00010386753414186496 167.03968322096466
0.0001038675341418667 151.15406493194047
0.0003116026024255966 162.70724186941226
0.0005193376707093283 136.23121138770318
0.0007270727389930599 145.37747646320267
0.0009348078072767916 149.70991781475507
0.0011425428755605233 118.42006360909986
0.0013502779438442532 118.90144598149357
0.0015580130121279848 120.82697547107243
0.0017657480804117165 111.68071039557292
0.001973483148695448 102.53444532007342
0.00218121821697918 102.05306294767955
0.0023889532852629097 103.01582769246812
0.0025966883535466414 91.94403312738977
0.002804423421830373 82.31638567949555
0.0030121584901141047 80.87223856231142
0.0032198935583978364 74.13288534878609
0.0034276286266815663 58.24726705976002
0.003635363694965298 61.13556129412828
0.0038430987632490296 59.21003180454944
0.004050833831532761 44.76856063270811
0.004258568899816493 40.917501653550765
0.004466303968100223 33.69676606762976
0.0046740390363839545 29.84570708847207
0.004881774104667686 28.40155997128794
0.005089509172951418 21.66220675776217
0.005297244241235148 20.699442012972394
0.005504979309518881 16.367000661420306
0.005712714377802611 13.960088799446732
0.005920449446086341 14.922853544235911
0.006128184514370074 7.702117958315439
0.006335919582653804 8.183500330710016
0.006543654650937538 7.702117958315439
0.006751389719221268 4.332441351552434
0.0069591247875049975 5.776588468736482
0.007166859855788731 6.739353213526009
0.007374594924072461 1.9255294895788273
0.007582329992356194 1.9255294895788597
0.007790065060639924 4.332441351552434
0.007997800128923654 1.9255294895788273
0.008205535197207387 3.3696766067630044
0.008413270265491117 0.9627647447894137
0.00862100533377485 2.888294234368289
0.00882874040205858 0.9627647447894299
0.00903647547034231 1.9255294895788273
0.009244210538626044 0.9627647447894299
0.009451945606909774 0.0
0.009659680675193507 0.0
0.009867415743477237 0.0
0.010075150811760967 0.4813823723947068
0.0102828858800447 0.9627647447894299
0.01049062094832843 
