-0.0037012175407680303 0.0
-0.0036279261043171782 0.0
-0.003554634667866326 2.7288317665068056
-0.003481343231415474 2.7288317665068056
-0.003408051794964622 1.3644158832534028
-0.00333476035851377 2.7288317665068056
-0.0032614689220629178 1.3644158832534028
-0.0031881774856120657 2.7288317665068056
-0.0031148860491612136 2.7288317665068056
-0.0030415946127103615 4.093247649760209
-0.0029683031762595094 6.822079416267015
-0.0028950117398086573 9.55091118277382
-0.0028217203033578052 2.7288317665068056
-0.002748428866906953 8.186495299520418
-0.002675137430456101 10.915327066027222
-0.002601845994005249 24.559485898561253
-0.002528554557554397 19.10182236554764
-0.002455263121103545 28.652733548321457
-0.0023819716846526927 27.28831766506806
-0.0023086802482018406 25.923901781814653
-0.0022353888117509885 30.01714943157486
-0.0021620973753001364 43.66130826410889
-0.0020888059388492843 49.118971797122505
-0.0020155145023984323 53.21221944688271
-0.0019422230659475802 43.66130826410889
-0.001868931629496728 87.32261652821778
-0.001795640193045876 91.415864177978
-0.001722348756595024 111.88210242677904
-0.0016490573201441718 106.42443889376543
-0.0015757658836933197 111.88210242677904
-0.0015024744472424676 141.8992518583539
-0.0014291830107916155 161.00107422390155
-0.0013558915743407634 166.45873775691516
-0.0012826001378899114 171.91640128992876
-0.0012093087014390593 203.29796660475702
-0.0011360172649882072 218.30654132054448
-0.001062725828537355 234.67953191958532
-0.000989434392086503 236.0439478028387
-0.0009161429556356509 291.98499901622824
-0.0008428515191847988 270.1543448841738
-0.0007695600827339467 256.5101860516397
-0.0006962686462830946 342.4683866966041
-0.0006229772098322425 328.8242278640701
-0.0005496857733813905 316.54448491478945
-0.00047639433693053837 362.9346249454052
-0.0004031029004796863 371.1211202449256
-0.0003298114640288342 371.1211202449256
-0.0002565200275779821 347.9260502296177
-0.00018322859112713 397.04502202674024
-0.00010993715467627792 392.95177437698004
-3.664571822542583e-05 395.68060614348684
3.664571822542626e-05 391.5873584937266
0.00010993715467627835 391.5873584937266
0.00018322859112713044 369.7567043616722
0.00025652002757798253 409.3247649760233
0.0003298114640288342 367.0278725951632
0.0004031029004796867 386.1296949607107
0.00047639433693053923 356.1125455291403
0.0005496857733813909 339.73955493009936
0.0006229772098322425 334.2818913970817
0.0006962686462830951 305.6291578487604
0.0007695600827339476 327.45981198081864
0.0008428515191847992 293.34941489948335
0.0009161429556356509 238.7727795693441
0.0009894343920865034 251.05252251862464
0.001062725828537356 233.31511603633328
0.0011360172649882076 218.30654132054573
0.0012093087014390593 180.1028965894481
0.0012826001378899118 166.45873775691416
0.0013558915743407643 154.17899480763543
0.001429183010791616 145.99249950811497
0.0015024744472424676 111.88210242677836
0.0015757658836933201 121.43301360955213
0.0016490573201441727 102.33119124400582
0.0017223487565950243 90.05144829472512
0.001795640193045876 69.58521004592313
0.0018689316294967285 53.21221944688239
0.001942223065947581 57.305467096643255
0.0020155145023984327 46.390140030615974
0.0020888059388492843 34.110397081334874
0.002162097375300137 25.9239017818145
0.0022353888117509894 30.017149431575042
0.002308680248201841 30.017149431575042
0.0023819716846526927 13.644158832533948
0.0024552631211035452 20.466238248800924
0.0025285545575543977 21.830654132054576
0.0026018459940052494 16.372990599040932
0.002675137430456101 12.279742949280553
0.0027484288669069536 6.822079416266974
0.002821720303357806 6.822079416267054
0.0028950117398086578 1.364415883253411
0.0029683031762595094 2.7288317665067896
0.003041594612710362 0.0
0.0031148860491612145 4.093247649760233
0.003188177485612066 1.364415883253411
0.0032614689220629178 4.093247649760184
0.0033347603585137703 4.093247649760184
0.003408051794964623 0.0
0.0034813432314154745 0.0
0.003554634667866326 2.7288317665067896
0.0036279261043171787 1.364415883253411
0.0037012175407680303 
