-0.006350294915326566 0.0
-0.006224546501161683 0.0
-0.0060987980869968 0.0
-0.005973049672831918 0.0
-0.005847301258667036 0.0
-0.0057215528445021535 0.7952386569971258
-0.00559580443033727 0.0
-0.005470056016172388 0.0
-0.005344307602007506 0.7952386569971258
-0.005218559187842623 0.0
-0.0050928107736777405 0.7952386569971313
-0.004967062359512858 0.7952386569971258
-0.004841313945347975 0.0
-0.004715565531183093 2.3857159709913938
-0.004589817117018211 2.3857159709913938
-0.004464068702853328 0.7952386569971313
-0.004338320288688446 6.3619092559770065
-0.004212571874523563 3.976193284985656
-0.004086823460358681 6.36190925597705
-0.0039610750461937985 3.976193284985643
-0.0038353266320289158 11.1333411979598
-0.003709578217864033 15.109534482945493
-0.003583829803699151 13.519057168951186
-0.003458081389534268 11.928579854956928
-0.0033323329753693854 29.42383030889386
-0.003206584561204503 19.085727767931086
-0.0030808361470396205 38.1714555358623
-0.0029550877328747382 32.60478493688227
-0.0028293393187098555 42.147648820847955
-0.0027035909045449733 56.46194464679612
-0.0025778424903800906 67.59528584475615
-0.0024520940762152083 67.59528584475592
-0.0023263456620503256 96.22387749665288
-0.0022005972478854434 97.81435481064646
-0.0020748488337205603 109.74293466560412
-0.001949100419555678 104.17626406662419
-0.0018233520053907958 125.64770780554674
-0.0016976035912259135 157.4572540854309
-0.0015718551770610304 170.18107259738608
-0.0014461067628961481 176.54298185336313
-0.0013203583487312659 197.21918693528718
-0.0011946099345663827 201.19538022027422
-0.0010688615204015005 193.2429936503029
-0.0009431131062366182 233.80016515715658
-0.000817364692071736 231.41444918616358
-0.0006916162779068528 260.83827949505906
-0.0005658678637419706 242.54779038412502
-0.00044011944957708833 256.8620862100716
-0.0003143710354122052 265.6097114370418
-0.00018862262124732295 264.8144727800447
-6.28742070824407e-05 288.67163248995865
6.287420708244156e-05 264.8144727800429
0.00018862262124732469 268.79066606503034
0.00031437103541220694 267.20018875103614
0.0004401194495770892 242.54779038412502
0.0005658678637419715 256.0668475530745
0.0006916162779068546 227.43825590117956
0.0008173646920717368 222.66682395919673
0.0009431131062366191 211.53348276123543
0.0010688615204015022 176.54298185336313
0.0011946099345663845 198.80966424928283
0.0013203583487312667 175.747743196366
0.001446106762896149 167.00011796939754
0.0015718551770610312 146.32391288747115
0.0016976035912259144 129.6239010905315
0.0018233520053907975 112.12865063659628
0.0019491004195556789 102.58578675262922
0.002074848833720562 108.15245735160912
0.002200597247885445 93.83816152566214
0.0023263456620503265 64.41433121676718
0.0024520940762152096 77.9333883857194
0.002577842490380091 54.07622867580456
0.002703590904544974 49.304796733821796
0.0028293393187098573 42.14764882084825
0.0029550877328747387 44.53336479183904
0.003080836147039622 25.447637023908026
0.003206584561204505 19.88096642492842
0.0033323329753693863 17.495250453936766
0.0034580813895342694 15.109534482945389
0.0035838298036991525 9.54286388396564
0.003709578217864034 7.157147912974132
0.003835326632028917 8.747625226968383
0.0039610750461938 10.338102540962778
0.004086823460358682 7.157147912974132
0.004212571874523565 5.566670598979957
0.004338320288688446 1.5904773139942516
0.004464068702853329 2.3857159709913773
0.004589817117018212 4.77143194198282
0.004715565531183094 0.7952386569971258
0.004841313945347977 0.7952386569971258
0.00496706235951286 0.0
0.005092810773677741 0.0
0.0052185591878426245 0.0
0.005344307602007508 0.0
0.005470056016172389 0.7952386569971258
0.005595804430337272 0.0
0.005721552844502155 0.7952386569971367
0.005847301258667037 0.0
0.00597304967283192 0.0
0.006098798086996801 0.0
0.006224546501161684 1.5904773139942734
0.006350294915326566 
