-0.04506866797044762 0.0
-0.04417621909974569 0.0
-0.043283770229043755 0.0
-0.04239132135834182 0.0
-0.041498872487639886 0.0
-0.040606423616937955 0.0
-0.03971397474623602 0.0
-0.038821525875534085 0.0
-0.037929077004832154 0.11205123708806727
-0.03703662813413022 0.0
-0.03614417926342829 0.22410247417613283
-0.03525173039272635 0.33615371126420185
-0.03435928152202442 0.33615371126420185
-0.03346683265132249 0.5602561854403321
-0.03257438378062055 0.33615371126420185
-0.03168193490991862 0.784358659616471
-0.03078948603921669 0.8964098967045382
-0.02989703716851476 0.5602561854403342
-0.029004588297812824 1.6807685563210026
-0.02811213942711089 1.7928197934090764
-0.02721969055640896 2.016922267585211
-0.026327241685707027 2.2410247417613367
-0.025434792815005092 2.801280927201671
-0.024542343944303158 2.5771784530255473
-0.023649895073601226 2.46512721593748
-0.022757446202899295 4.369998246434607
-0.02186499733219736 5.714613091491409
-0.020972548461495426 5.37845938022723
-0.020080099590793495 7.507432884900507
-0.019187650720091563 9.97256010083795
-0.01829520184938963 8.291791544516947
-0.017402752978687694 8.515894018693114
-0.016510304107985763 12.885892265127737
-0.015617855237283831 11.877431131335086
-0.014725406366581897 15.238968243977089
-0.013832957495879962 15.911275666505555
-0.01294050862517803 17.367941748650427
-0.0120480597544761 19.94512020167582
-0.011155610883774161 24.651272159374802
-0.01026316201307223 23.08255484014186
-0.009370713142370299 24.651272159374802
-0.008478264271668368 25.771784530255474
-0.007585815400966436 28.573065457456938
-0.006693366530264498 30.92614143630657
-0.005800917659562567 33.50331988933212
-0.004908468788860636 30.702038962130196
-0.0040160199181586975 37.6492156615906
-0.0031235710474567663 34.84793473438892
-0.002231122176754835 37.985369372854805
-0.0013386733060529038 40.226394114616156
-0.00044622443535097256 36.304600816533515
0.0004462244353509656 36.75280576488607
0.0013386733060528969 37.425113187414475
0.002231122176754828 35.63229339400512
0.0031235710474567663 37.3130619503264
0.0040160199181586975 33.83947360059632
0.004908468788860629 33.50331988933212
0.00580091765956256 32.158705044275315
0.006693366530264491 32.04665380718699
0.007585815400966429 29.469475354161695
0.00847826427166836 25.995887004431612
0.009370713142370292 27.452553086576273
0.01026316201307223 21.06563257255665
0.011155610883774161 19.608966490411774
0.012048059754476093 18.040249171178832
0.012940508625178024 15.463070718153284
0.013832957495879955 16.24742937776963
0.014725406366581893 14.006404636008408
0.015617855237283824 11.317174945894797
0.016510304107985756 9.860508863749844
0.017402752978687694 9.636406389573787
0.018295201849389625 7.84358659616471
0.019187650720091556 7.731535359076642
0.020080099590793488 5.714613091491431
0.02097254846149542 5.602561854403364
0.02186499733219735 5.490510617315211
0.022757446202899295 2.9133321642897494
0.023649895073601226 4.1458957722584895
0.024542343944303158 2.5771784530255473
0.02543479281500509 1.7928197934090764
0.02632724168570702 1.4566660821448747
0.02721969055640895 1.1205123708806728
0.028112139427110883 0.784358659616471
0.029004588297812814 0.5602561854403364
0.029897037168514745 1.00846113379259
0.03078948603921669 0.784358659616471
0.03168193490991862 0.4482049483522691
0.03257438378062055 0.4482049483522691
0.033466832651322484 0.33615371126420185
0.034359281522024415 0.33615371126420185
0.035251730392726346 0.22410247417613455
0.03614417926342828 0.33615371126419663
0.03703662813413022 0.22410247417613455
0.037929077004832154 0.0
0.038821525875534085 0.0
0.03971397474623602 0.0
0.04060642361693795 0.0
0.04149887248763988 0.0
0.04239132135834181 0.0
0.04328377022904374 0.11205123708806727
0.04417621909974567 0.11205123708806554
0.04506866797044762 
