-0.006044667936723502 0.8354470506674893
-0.0059249715419368975 0.0
-0.005805275147150294 0.0
-0.00568557875236369 0.8354470506674893
-0.005565882357577085 0.0
-0.005446185962790482 0.8354470506674893
-0.005326489568003878 0.0
-0.005206793173217273 0.0
-0.00508709677843067 0.0
-0.004967400383644066 3.341788202669957
-0.004847703988857461 0.0
-0.004728007594070858 0.0
-0.0046083111992842535 2.5063411520024856
-0.00448861480449765 2.5063411520024674
-0.004368918409711046 5.848129354672467
-0.004249222014924442 1.6708941013349785
-0.004129525620137838 2.5063411520024674
-0.004009829225351234 6.683576405339937
-0.00389013283056463 7.51902345600743
-0.003770436435778026 7.519023456007402
-0.0036507400409914216 13.367152810679874
-0.0035310436462048177 20.05072921601981
-0.003411347251418214 10.860811658677399
-0.00329165085663161 20.05072921601974
-0.0031719544618450056 29.240646773362222
-0.0030522580670584018 27.569752672027242
-0.002932561672271798 38.4305643307045
-0.0028128652774851936 46.78503483737956
-0.0026931688826985897 47.62048188804705
-0.002573472487911986 57.64584649605696
-0.002453776093125382 58.48129354672424
-0.0023340796983387776 94.40551672542662
-0.0022143833035521737 94.40551672542662
-0.00209468690876557 89.39283442142134
-0.0019749905139789655 106.93722248543939
-0.001855294119192362 113.62079889077852
-0.0017355977244057578 147.0386809174781
-0.0016159013296191535 165.41851603216406
-0.00149620493483255 154.5577043734855
-0.0013765085400459457 168.7603042348328
-0.0012568121452593414 198.00095100819635
-0.001137115750472738 206.35542151486982
-0.0010174193556861336 222.22891547755214
-0.0008977229608995293 239.77330354157112
-0.0007780265661129259 267.3430562135965
-0.0006583301713263216 287.3937854296184
-0.0005386337765397181 277.36842082160643
-0.0004189373817531138 284.8874442776138
-0.0002992409869665095 273.19118556827095
-0.00017954459217990604 268.178503264264
-5.984819739330172e-05 295.7482559362912
5.984819739330259e-05 277.3684208216084
0.00017954459217990604 274.86207966960393
0.00029924098696651035 248.96322109891176
0.00041893738175311467 266.507609162931
0.0005386337765397181 265.67216211226156
0.0006583301713263224 223.8998095788871
0.0007780265661129267 248.12777404824607
0.0008977229608995302 208.0263156162048
0.0010174193556861345 190.48192755218892
0.001137115750472738 203.84908036286734
0.0012568121452593423 171.26664538683528
0.0013765085400459466 174.6084335895065
0.00149620493483255 157.06404552548796
0.0016159013296191543 131.16518695479581
0.0017355977244057587 142.86144566414168
0.001855294119192362 111.94990478944436
0.0019749905139789655 98.582751978763
0.0020946869087655707 84.38015211741703
0.002214383303552174 81.87381096541453
0.0023340796983387776 72.68389340807103
0.002453776093125383 50.962270090717205
0.0025734724879119862 58.48129354672467
0.0026931688826985897 45.114140736044085
0.002812865277485195 33.41788202669981
0.0029325616722717983 29.240646773362336
0.0030522580670584018 23.39251741868953
0.003171954461845007 19.215282165352388
0.0032916508566316104 19.215282165352388
0.003411347251418214 15.873493962682177
0.003531043646204819 13.367152810679924
0.0036507400409914225 10.860811658677438
0.003770436435778026 6.683576405339865
0.003890132830564631 5.012682304004971
0.0040098292253512345 5.012682304004971
0.004129525620137838 1.6708941013349663
0.004249222014924443 2.5063411520024856
0.004368918409711047 4.177235253337476
0.00448861480449765 0.8354470506674831
0.004608311199284255 1.6708941013349905
0.004728007594070859 0.8354470506674953
0.004847703988857462 2.5063411520024856
0.004967400383644066 0.8354470506674831
0.005087096778430671 0.8354470506674953
0.005206793173217274 0.0
0.005326489568003878 0.8354470506674831
0.005446185962790483 0.0
0.005565882357577086 0.0
0.00568557875236369 0.0
0.005805275147150295 0.0
0.005924971541936898 0.0
0.006044667936723502 
