-0.006916973881138251 0.7300880539350793
-0.006780004101313731 0.0
-0.006643034321489211 0.0
-0.006506064541664691 0.0
-0.006369094761840171 0.0
-0.006232124982015651 0.0
-0.0060951552021911316 0.0
-0.005958185422366612 1.4601761078701585
-0.005821215642542092 0.7300880539350793
-0.005684245862717572 1.4601761078701585
-0.005547276082893052 2.9203522157403357
-0.005410306303068533 1.4601761078701585
-0.005273336523244013 2.190264161805238
-0.005136366743419493 3.650440269675397
-0.0049993969635949735 2.920352215740317
-0.004862427183770454 7.300880539350794
-0.004725457403945934 5.110616377545555
-0.004588487624121414 8.761056647220952
-0.004451517844296894 10.951320809026189
-0.004314548064472374 9.49114470115603
-0.004177578284647854 10.221232755091176
-0.004040608504823335 9.491144701156001
-0.003903638724998815 14.601761078701587
-0.003766668945174295 16.792025240506824
-0.0036296991653497752 32.85396242707857
-0.0034927293855252554 21.172553564117297
-0.0033557596057007355 29.933610211338255
-0.0032187898258762156 38.69466685855933
-0.003081820046051696 40.88493102036444
-0.0029448502662271763 52.56633988332572
-0.0028078804864026564 65.70792485415714
-0.0026709107065781366 66.43801290809222
-0.0025339409267536167 89.07074258007967
-0.002396971146929097 83.23003814859904
-0.002260001367104577 94.91144701156031
-0.002123031587280057 108.78312003632682
-0.0019860618074555372 113.89373641387238
-0.0018490920276310174 140.17690635553524
-0.0017121222478064975 147.477786894886
-0.0015751524679819776 154.7786674342368
-0.0014381826881574578 169.38042851293946
-0.0013012129083329388 178.87157321409444
-0.0011642431285084189 192.01315818492586
-0.001027273348683899 214.6458878569133
-0.0008903035688593791 214.6458878569133
-0.0007533337890348593 221.94676839626413
-0.0006163640092103394 230.7078250434851
-0.00047939422938581954 238.00870558283586
-0.00034242444956129967 236.5485294749657
-0.0002054546697367798 251.88037860760238
-6.848488991225993e-05 227.78747282774475
6.848488991225993e-05 244.57949806825155
0.0002054546697367798 267.21222774023903
0.00034242444956129967 243.11932196038143
0.00047939422938581954 216.83615201871856
0.0006163640092103394 222.6768564502006
0.0007533337890348584 218.2963281265887
0.0008903035688593783 189.82289402312063
0.0010272733486838981 203.69456704788712
0.001164243128508418 175.9512209983541
0.0013012129083329379 156.23884354210696
0.0014381826881574578 162.0795479735876
0.0015751524679819776 142.36717051734047
0.0017121222478064975 111.70347225206713
0.0018490920276310174 125.57514527683365
0.0019860618074555372 100.75215144304094
0.002123031587280057 91.99109479581999
0.002260001367104577 94.18135895762522
0.002396971146929097 77.3893337171184
0.0025339409267536167 72.27871733957285
0.0026709107065781366 56.21678015300111
0.0028078804864026564 66.43801290809222
0.0029448502662271763 48.18581155971523
0.003081820046051696 43.07519518216968
0.003218789825876216 33.58405048101365
0.003355759605700736 29.203522157403174
0.003492729385525256 27.013257995597936
0.0036296991653497757 24.822993833792697
0.0037666689451742955 16.792025240506824
0.0039036387249988154 8.030968593285873
0.004040608504823335 15.331849132636858
0.004177578284647853 5.840704431480634
0.004314548064472373 6.570792485415715
0.004451517844296893 9.49114470115603
0.004588487624121413 4.380528323610476
0.004725457403945933 2.920352215740317
0.004862427183770453 5.110616377545555
0.004999396963594973 2.920352215740317
0.0051363667434194925 3.650440269675397
0.005273336523244012 1.4601761078701585
0.005410306303068532 2.920352215740317
0.005547276082893052 0.7300880539350793
0.005684245862717572 0.7300880539350793
0.005821215642542092 0.7300880539350793
0.005958185422366612 0.0
0.0060951552021911316 0.7300880539350793
0.006232124982015651 0.0
0.006369094761840171 0.0
0.006506064541664691 0.0
0.006643034321489211 0.0
0.006780004101313731 0.0
0.006916973881138251 
