-0.0045665323991379925 0.0
-0.004476106014996646 0.0
-0.004385679630855299 1.1058719305163165
-0.004295253246713954 0.0
-0.004204826862572607 0.0
-0.004114400478431261 2.211743861032612
-0.004023974094289914 0.0
-0.0039335477101485675 0.0
-0.0038431213260072213 3.317615791548934
-0.0037526949418658752 2.211743861032612
-0.0036622685577245287 0.0
-0.003571842173583182 2.2117438610326228
-0.003481415789441836 2.2117438610326228
-0.00339098940530049 4.423487722065224
-0.0033005630211591433 3.317615791548918
-0.0032101366370177967 6.635231583097836
-0.00311971025287645 17.693950888260982
-0.003029283868735104 15.48220702722836
-0.002938857484593758 11.058719305163061
-0.0028484311004524114 12.164591235679366
-0.002758004716311065 19.90569474929351
-0.0026675783321697183 14.376335096712047
-0.002577151948028372 22.117438610326122
-0.0024867255638870256 32.070285984973026
-0.0023962991797456795 33.176157915489185
-0.002305872795604333 51.975980734266635
-0.0022154464114629868 56.399468456331604
-0.00212502002732164 50.87010880375008
-0.0020345936431802937 89.57562637182122
-0.0019441672590389475 80.72865092769035
-0.001853740874897601 96.21085795491908
-0.0017633144907562548 122.75178428730997
-0.0016728881066149083 119.43416849576104
-0.0015824617224735617 130.49288780092473
-0.0014920353383322156 149.2927106197013
-0.001401608954190869 161.45730185538147
-0.001311182570049523 212.32741065913075
-0.0012207561859081764 194.63345977086985
-0.0011303298017668298 230.02136154739276
-0.0010399034176254837 218.9626422422286
-0.0009494770334841371 274.25623876804525
-0.000859050649342791 298.5854212394026
-0.0007686242652014444 286.42083000372327
-0.0006781978810600979 288.63257386475726
-0.0005877714969187518 317.38524405817986
-0.0004973451127774052 369.36122479244625
-0.00040691872863605864 324.02047564128077
-0.00031649234449471295 373.78471251451145
-0.0002260659603533664 339.50268266850594
-0.00013563957621201984 358.30250548728316
-4.521319207067328e-05 366.04360900089733
4.521319207067328e-05 348.34965811263976
0.00013563957621201897 314.06762826663095
0.00022606596035336553 320.7028598497287
0.0003164923444947121 320.7028598497287
0.00040691872863605864 329.5498352938592
0.0004973451127774052 314.0676282666339
0.0005877714969187509 301.90303703095157
0.0006781978810600975 304.11478089198414
0.000768624265201444 296.37367737837
0.0008590506493427906 255.45641594926667
0.0009494770334841371 210.11566679810016
0.0010399034176254828 256.562287879783
0.0011303298017668294 180.2571246741579
0.001220756185908176 207.90392293706552
0.0013111825700495225 171.41014923002743
0.001401608954190869 132.704631661958
0.0014920353383322147 147.0809667586687
0.0015824617224735613 118.32829656524474
0.0016728881066149079 102.84608953801646
0.0017633144907562544 96.21085795491862
0.001853740874897601 86.25801058027271
0.0019441672590389467 72.9875474140762
0.0020345936431802932 70.77580355304359
0.0021250200273216398 59.71708424788052
0.0022154464114629863 55.2935965258153
0.002305872795604333 30.964414054456867
0.0023962991797456786 39.81138949858702
0.002486725563887025 27.64679826290765
0.0025771519480283717 24.32918247135873
0.0026675783321697183 27.64679826290765
0.002758004716311065 11.058719305163166
0.0028484311004524105 8.846975444130448
0.002938857484593757 14.37633509671198
0.0030292838687351036 4.423487722065224
0.00311971025287645 3.317615791548918
0.0032101366370177967 5.529359652581583
0.0033005630211591424 2.211743861032612
0.003390989405300489 3.317615791548918
0.0034814157894418355 4.423487722065224
0.003571842173583182 2.211743861032612
0.0036622685577245287 0.0
0.0037526949418658752 2.211743861032612
0.0038431213260072218 3.317615791548982
0.003933547710148567 0.0
0.004023974094289913 1.105871930516306
0.00411440047843126 0.0
0.004204826862572606 0.0
0.004295253246713953 0.0
0.004385679630855299 0.0
0.004476106014996646 1.105871930516306
0.0045665323991379925 
