-0.005292331562840441 0.9542108123871238
-0.005187532918031719 0.0
-0.005082734273222997 0.0
-0.0049779356284142765 0.9542108123871238
-0.004873136983605555 0.0
-0.004768338338796833 0.0
-0.004663539693988111 0.0
-0.0045587410491793896 0.0
-0.004453942404370668 0.0
-0.004349143759561946 0.0
-0.004244345114753224 0.9542108123871316
-0.0041395464699445035 1.9084216247742476
-0.004034747825135782 4.771054061935619
-0.00392994918032706 1.9084216247742476
-0.0038251505355183383 5.725264874322742
-0.0037203518907096165 9.542108123871277
-0.003615553245900895 7.633686499097022
-0.003510754601092174 8.587897311484113
-0.003405955956283452 7.63368649909699
-0.0033011573114747304 12.40474056103261
-0.0031963586666660087 20.99263787251681
-0.0030915600218572874 20.99263787251672
-0.0029867613770485657 25.763691934452343
-0.002881962732239844 36.26001087071085
-0.0027771640874311226 35.305800058323584
-0.002672365442622401 38.16843249548495
-0.002567566797813679 45.80211899458194
-0.0024627681530049574 65.84054605471181
-0.002357969508196236 69.65738930426004
-0.0022531708633875143 67.74896767948579
-0.0021483722185787926 97.32950286348704
-0.0020435735737700713 103.05476773780937
-0.0019387749289613496 104.9631893625836
-0.0018339762841526278 121.18477317316523
-0.0017291776393439065 145.0400434828428
-0.0016243789945351848 126.91003804748745
-0.001519580349726463 166.98689216774736
-0.0014147817049177417 189.88795166503763
-0.00130998306010902 208.9721679127801
-0.0012051844153002983 203.24690303845736
-0.0011003857704915765 214.69743278710283
-0.0009955871256828548 242.36954634633145
-0.0008907884808741339 231.87322741007105
-0.0007859898360654122 258.59113015691054
-0.0006811911912566904 273.85850315510453
-0.0005763925464479687 285.30903290375
-0.00047159390163924696 318.7064113372993
-0.0003667952568305252 294.85114102762367
-0.00026199661202180435 313.9353572753637
-0.0001571979672130826 276.7211355922659
-5.239932240436087e-05 302.4848275267182
5.239932240436087e-05 292.942719402847
0.0001571979672130826 311.07272483820236
0.00026199661202180435 279.58376802942723
0.0003667952568305261 277.67534640465533
0.00047159390163924696 278.62955721704014
0.0005763925464479687 289.1258761532985
0.0006811911912566904 230.91901659768396
0.0007859898360654122 235.69007065961958
0.0008907884808741339 229.0105949729097
0.0009955871256828557 210.8805895375561
0.0011003857704915765 200.38427060129598
0.0012051844153002983 198.47584897652175
0.00130998306010902 195.61321653936037
0.0014147817049177417 162.21583810581103
0.0015195803497264635 136.4521461713587
0.0016243789945351852 144.0858326704557
0.001729177639343907 122.13898398555284
0.0018339762841526278 105.91740017497074
0.0019387749289613496 89.69581636438963
0.0020435735737700713 93.51265961393813
0.002148372218578793 77.29107580335703
0.0022531708633875148 66.79475686709867
0.0023579695081962365 55.34422711845364
0.0024627681530049574 50.57317305651756
0.002567566797813679 43.89369736980769
0.002672365442622401 42.93948655742057
0.0027771640874311226 25.763691934452343
0.0028819627322398443 24.80948112206522
0.002986761377048566 20.99263787251672
0.003091560021857288 15.26737299819398
0.0031963586666660096 14.313162185806856
0.0033011573114747313 13.358951373419734
0.003405955956283453 10.496318936258536
0.003510754601092173 4.771054061935619
0.0036155532459008948 5.725264874322742
0.0037203518907096165 3.816843249548495
0.0038251505355183383 2.862632437161371
0.00392994918032706 4.771054061935619
0.004034747825135782 0.0
0.0041395464699445035 0.9542108123871238
0.004244345114753225 0.0
0.004349143759561947 0.0
0.004453942404370669 0.0
0.00455874104917939 0.0
0.004663539693988112 1.9084216247742791
0.004768338338796832 0.9542108123871238
0.004873136983605554 0.0
0.004977935628414276 0.0
0.005082734273222997 0.0
0.005187532918031719 0.0
0.005292331562840441 
