-0.018132870898203327 0.2784997493419749
-0.017773804147743856 0.0
-0.017414737397284382 0.0
-0.01705567064682491 0.0
-0.016696603896365438 0.0
-0.016337537145905967 0.2784997493419749
-0.015978470395446497 0.0
-0.015619403644987024 0.0
-0.015260336894527552 0.0
-0.01490127014406808 0.0
-0.014542203393608608 0.2784997493419749
-0.014183136643149137 0.2784997493419736
-0.013824069892689665 0.8354992480259209
-0.013465003142230193 0.2784997493419749
-0.013105936391770722 1.392498746709868
-0.01274686964131125 1.6709984960518418
-0.012387802890851778 1.6709984960518418
-0.012028736140392305 1.1139989973678943
-0.011669669389932833 1.6709984960518498
-0.011310602639473363 2.2279979947357886
-0.01095153588901389 3.3419969921036836
-0.010592469138554418 3.898996490787649
-0.010233402388094948 6.405494234865392
-0.009874335637635475 9.747491226969077
-0.009515268887176003 6.962493733549339
-0.009156202136716531 9.190491728285128
-0.008797135386257059 15.31748621380862
-0.008438068635797588 13.367987968414734
-0.008079001885338116 13.924987467098678
-0.007719935134878644 16.988484709860472
-0.007360868384419173 23.95097844340973
-0.007001801633959701 25.06497744077762
-0.006642734883500229 29.242473680907224
-0.006283668133040756 36.20496741445657
-0.005924601382581284 35.36946816643082
-0.005565534632121814 44.83845964405775
-0.0052064678816623414 46.78795788945156
-0.004847401131202869 51.800953377607335
-0.004488334380743399 56.81394886576261
-0.0041292676302839264 62.94094335128603
-0.003770200879824454 62.94094335128603
-0.003411134129364982 67.95393883944156
-0.0030520673789055097 73.2454340769394
-0.002693000628446039 72.13143507957152
-0.0023339338779865687 86.89192179469534
-0.0019748671275270947 88.00592079206409
-0.0016158003770676242 81.87892630653984
-0.0012567336266081502 95.5254140242974
-0.0008976668761486797 91.90491728285173
-0.0005386001256892092 89.95541903745703
-0.00017953337522973525 101.09540901113691
0.00017953337522973525 93.01891628021873
0.0005386001256892092 94.68991477627148
0.0008976668761486797 92.1834170321937
0.0012567336266081502 85.77792279732745
0.0016158003770676242 88.84142004009001
0.0019748671275270947 75.19493232233323
0.0023339338779865652 82.71442555456576
0.002693000628446039 78.25842956509496
0.0030520673789055097 76.86593081838508
0.0034111341293649802 67.39693934075729
0.003770200879824454 58.48494736181473
0.004129267630283925 57.64944811378826
0.004488334380743399 55.97844961773696
0.004847401131202869 47.066457638793764
0.00520646788166234 36.76196691314034
0.005565534632121814 35.926467665114764
0.005924601382581284 35.926467665114416
0.006283668133040758 27.01447568617157
0.006642734883500229 28.12847468353947
0.007001801633959699 15.874485712492419
0.007360868384419173 20.608981451306146
0.007719935134878644 16.709984960518494
0.008079001885338114 13.089488219072695
0.008438068635797588 12.532488720388873
0.008797135386257059 11.418489723020972
0.00915620213671653 6.6839939842073335
0.009515268887176003 6.962493733549373
0.009874335637635474 4.7344957388135285
0.010233402388094948 4.455995989471599
0.010592469138554418 3.3419969921036996
0.010951535889013889 3.3419969921036667
0.011310602639473363 2.7849974934197492
0.011669669389932833 1.113998997367889
0.012028736140392307 1.9494982453938245
0.012387802890851778 1.1139989973678996
0.012746869641311248 1.113998997367889
0.013105936391770722 0.5569994986839553
0.013465003142230189 1.1139989973678783
0.013824069892689667 0.2784997493419749
0.014183136643149137 0.2784997493419749
0.014542203393608608 0.2784997493419749
0.014901270144068078 0.5569994986839498
0.015260336894527549 0.2784997493419696
0.015619403644987026 0.0
0.015978470395446497 0.0
0.016337537145905967 0.0
0.016696603896365438 0.0
0.017055670646824908 0.0
0.017414737397284386 0.2784997493419749
0.017773804147743856 0.0
0.018132870898203327 
