0 2 0.1864972794503433 0.011108748260469188
1 3 0.08903239616664722 0.00911256376860786
2 4 0.04891095037096855 0.007522567388009755
3 5 0.028322587408191626 0.006317256803462484
4 6 0.017470026155967766 0.005397477730441701
5 7 0.011742692179261497 0.004677199367092588
6 8 0.008432849534141789 0.004097436921965975
7 9 0.005772948831414188 0.003620575180105918
8 10 0.004377588110525725 0.003222591810617515
9 11 0.0032345628114685892 0.002887367571183347
10 12 0.002501576247338896 0.0026032790960177875
11 13 0.0019680011185006043 0.002361340962934284
12 14 0.0015710610920977532 0.0021543165992494256
13 15 0.0012703380203623862 0.001976237532768445
14 16 0.0010389453364324638 0.0018221628799661176
15 17 0.0008584906468176688 0.0016880227387695685
16 18 0.0007160814019730046 0.0015704823809953446
17 19 0.0006024904418029703 0.0014668294430371673
18 20 0.0005109970203277669 0.001374865831009364
19 21 0.0004366322063661657 0.0012964264697710047
20 22 0.00037567516771126985 0.0012223359989795388
21 23 0.0003253086688399902 0.0011556183556197198
22 24 0.00028337860726466996 0.0010952839048718767
23 25 0.0002482232111680274 0.001040512918089088
24 26 0.00021854999074854824 0.0009906196022207209
25 27 0.00019334582795677545 0.0009450255234434087
26 28 0.00017181066235325682 0.0009032373999561324
27 29 0.00015330809314688935 0.0008648317422349839
28 30 0.00013732837578409358 0.0008294424679488144
29 31 0.00012346037096450376 0.0007967507343344026
30 32 0.0001113702548608325 0.0007664785423277124
31 33 0.0001007852463146309 0.0007383826347878023
32 34 9.148099782154091e-05 0.0007122485040186982
33 35 8.327191426008499e-05 0.0006878874018482457
34 36 7.600356807389432e-05 0.0006651327055633622
35 37 6.954676928518333e-05 0.0006438369390445644
36 38 6.379286227220821e-05 0.0006238690432518225
37 39 5.86500510452828e-05 0.000605112434111953
38 40 5.4040407420184806e-05 0.0005874633120655422
39 41 4.9897496688145975e-05 0.0005708289844606368
40 42 4.616445859682613e-05 0.0005551260734000043
41 43 4.2792448390587456e-05 0.0005402803773580109
42 44 3.973935008199291e-05 0.0005262238894451285
43 45 3.6968739083441504e-05 0.0005128966768314842
44 46 3.4449002965443024e-05 0.0005002435265264835
45 47 3.215263289826916e-05 0.0004882148191798082
46 48 3.005561777143223e-05 0.00047676546822581715
47 49 2.8136945177451964e-05 0.0004658542627092971
48 50 2.6378173160218735e-05 0.00045544388175624347
49 51 2.4763084354168104e-05 0.000445499884662426
50 52 2.327737577949717e-05 0.0004359912484055817
51 53 2.1908402747912238e-05 0.0004268892090290107
52 54 2.0644968479976135e-05 0.0004181672200743929
53 55 1.9477127295261588e-05 0.0004098014481278705
54 56 1.8396032599988452e-05 0.00040176939929316993
55 57 1.7393796197904893e-05 0.00039405060194078233
56 58 1.646336877890408e-05 0.00038662603443634396
57 59 1.559844219037597e-05 0.00037947836520392075
58 60 1.4793357709597637e-05 0.00037259118292054126
59 61 1.4043030742059566e-05 0.00036594976209932295
60 62 1.334288373828335e-05 0.00035953957459791523
61 63 1.2688790830939166e-05 0.0003533489312701802
62 64 1.2077023117673318e-05 0.0003473647209688235
63 65 1.1504208081743051e-05 0.00034157621620305775
64 66 1.096728914249344e-05 0.0003359729769412288
65 67 1.0463492419349877e-05 0.0003305452587552195
66 68 9.990296941662049e-06 0.00032528393780756565
67 69 9.545407587163848e-06 0.00032018083838886017
68 70 9.126730824011815e-06 0.00031522777721867804
69 71 8.732358317383279e-06 0.0003104174487910948
70 72 8.360544260209962e-06 0.00030574311249253355
71 73 8.009691471568245e-06 0.000301197943473052
72 74 7.678336272653784e-06 0.00029677608479456065
73 75 7.365135207362767e-06 0.0002924717526769643
74 76 7.068855253184944e-06 0.0002882795634626289
75 77 6.7883617892386205e-06 0.000284194445455365
76 78 6.5226104060573965e-06 0.00028021171246944736
77 79 6.270638756217143e-06 0.0002763268078387507
78 80 6.031558703952721e-06 0.0002725354827062667
79 81 5.804550197129919e-06 0.0002688338644567396
80 82 5.588854914504063e-06 0.0002652180229734643
81 83 5.383770914241738e-06 0.00026168456091264726
82 84 5.1886483518485e-06 0.00025823008384970824
83 85 5.0028846283461905e-06 0.00025485133722326966
84 86 4.825919774698594e-06 0.00025154544541546514
85 87 4.657234324780626e-06 0.0002483093814456854
86 88 4.4963453530983525e-06 0.00024514060798481806
87 89 4.3428031424919245e-06 0.00024203656212055765
88 90 4.196188757080111e-06 0.00023899474557078257
89 91 4.0561120436492065e-06 0.0002360127432208968
90 92 3.9222087523335505e-06 0.0002330885964347877
91 93 3.794139204793896e-06 0.00023022010161780686
92 94 3.671585362212234e-06 0.0002274053856205654
93 95 3.5542505598143857e-06 0.00022464235414057604
94 96 3.44185656148121e-06 0.0002219294577008445
95 97 3.3341436016301773e-06 0.0002192649446155575
96 98 3.2308673568303434e-06 0.00021664703991523164
97 99 3.131799266729647e-06 0.0002140743087835022
98 100 3.036724570506347e-06 0.00021154533200052337
99 101 2.945441915561919e-06 0.00020905865039611433
100 102 2.8577618280076246e-06 0.0002066129224993063
101 103 2.7735062135651605e-06 0.00020420687506039924
102 104 2.6925076121103203e-06 0.00020183925748518377
103 105 2.614608166583353e-06 0.00019950886058727377
104 106 2.539659436731219e-06 0.00019721469812814335
105 107 2.4675212542992367e-06 0.0001949555984287938
106 108 2.39806156113488e-06 0.00019273062679808924
107 109 2.331155708193319e-06 0.00019053868315315186
108 110 2.266685963208977e-06 0.0001883789396501348
109 111 2.204541123244945e-06 0.00018625041576623996
110 112 2.1446161957750603e-06 0.0001841522817622791
111 113 2.086811562443264e-06 0.00018208377698722254
112 114 2.031033287096707e-06 0.0001800440492407157
113 115 1.9771922415555444e-06 0.00017803238067058108
114 116 1.9252040597887827e-06 0.00017604801099460246
115 117 1.8749889279056186e-06 0.00017409018123755693
116 118 1.8264708013054126e-06 0.00017215831409641026
117 119 1.7795779399750556e-06 0.00017025178754488126
118 120 1.7342419787473228e-06 0.00016836993713203715
119 121 1.6903981769534767e-06 0.00016651206967970773
120 122 1.6479849497841656e-06 0.00016467787929138304
121 123 1.606943718547442e-06 0.00016286656541224917
122 124 1.5672188770011382e-06 0.00016107771587507504
123 125 1.5287575829602395e-06 0.0001593107924021901
124 126 1.4915091469046957e-06 0.00015756524981404974
125 127 1.4554262679194887e-06 0.00015584072573072175
126 128 1.4204627427652965e-06 0.00015413672197062857
