5.000000000000000278e-02 5.265716135810883003e+01
5.629370629370629431e-02 5.265934099240799071e+01
6.258741258741258584e-02 5.266095556681457879e+01
6.888111888111889125e-02 5.266198789263942359e+01
7.517482517482518278e-02 5.266244384267075418e+01
8.146853146853147432e-02 5.266234158558782497e+01
8.776223776223776585e-02 5.266176696173703675e+01
9.405594405594405738e-02 5.266065251879815889e+01
1.003496503496503489e-01 5.265923397597493505e+01
1.066433566433566404e-01 5.265741082138382723e+01
1.129370629370629320e-01 5.265529329857044871e+01
1.192307692307692235e-01 5.265290436600301405e+01
1.255244755244755428e-01 5.265043084349100866e+01
1.318181818181818343e-01 5.264815141848146141e+01
1.381118881118881259e-01 5.264464465958129580e+01
1.444055944055944174e-01 5.264184901352165724e+01
1.506993006993007089e-01 5.263914625247937806e+01
1.569930069930070005e-01 5.263576526108360554e+01
1.632867132867132920e-01 5.263335876420847370e+01
1.695804195804195835e-01 5.263035631554325278e+01
1.758741258741258751e-01 5.262753470752404894e+01
1.821678321678321666e-01 5.262524806464054450e+01
1.884615384615384581e-01 5.262229939818335822e+01
1.947552447552447497e-01 5.262030903187810793e+01
2.010489510489510412e-01 5.261755808050597949e+01
2.073426573426573327e-01 5.261584424002615634e+01
2.136363636363636243e-01 5.261417734310005301e+01
2.199300699300699158e-01 5.261261193784056189e+01
2.262237762237762073e-01 5.261074783144727007e+01
2.325174825174824988e-01 5.260821083115843066e+01
2.388111888111887904e-01 5.260784050404942747e+01
2.451048951048950819e-01 5.260715958051550700e+01
2.513986013986013734e-01 5.260582862426084461e+01
2.576923076923076650e-01 5.260437095367641547e+01
2.639860139860139565e-01 5.260428172883116815e+01
2.702797202797202480e-01 5.260426506430307114e+01
2.765734265734265396e-01 5.260294128351239351e+01
2.828671328671328311e-01 5.260306821842211633e+01
2.891608391608391226e-01 5.260342964118337505e+01
2.954545454545454142e-01 5.260276495427303445e+01
3.017482517482517057e-01 5.260369067569893531e+01
3.080419580419579972e-01 5.260327652040769664e+01
3.143356643356642888e-01 5.260460000446565232e+01
3.206293706293705803e-01 5.260525132011659366e+01
3.269230769230768718e-01 5.260611169501989082e+01
3.332167832167831634e-01 5.260686241149029030e+01
3.395104895104894549e-01 5.260715345144993194e+01
3.458041958041957464e-01 5.260791347091031867e+01
3.520979020979020935e-01 5.260685914304528410e+01
3.583916083916083850e-01 5.260994338784701796e+01
3.646853146853146765e-01 5.261078655171533569e+01
3.709790209790209681e-01 5.261105064335426107e+01
3.772727272727272596e-01 5.261218056853296332e+01
3.835664335664335511e-01 5.261388942397314139e+01
3.898601398601398427e-01 5.261445116831006175e+01
3.961538461538461342e-01 5.261688343400085444e+01
4.024475524475524257e-01 5.261814523557645629e+01
4.087412587412587173e-01 5.261858206218612821e+01
4.150349650349650088e-01 5.261877368474171845e+01
4.213286713286713003e-01 5.262159127840136819e+01
4.276223776223775919e-01 5.262259231213929667e+01
4.339160839160838834e-01 5.262321120462858914e+01
4.402097902097901749e-01 5.262561372127341031e+01
4.465034965034964665e-01 5.262583198608424340e+01
4.527972027972027580e-01 5.262727820772914811e+01
4.590909090909090495e-01 5.262893016956716252e+01
4.653846153846153411e-01 5.263182144838980747e+01
4.716783216783216326e-01 5.263184386018895822e+01
4.779720279720279241e-01 5.263240464675430985e+01
4.842657342657342157e-01 5.263351588591232399e+01
4.905594405594405072e-01 5.263526614039662377e+01
4.968531468531467987e-01 5.263542863409555395e+01
5.031468531468531458e-01 5.263596167185975361e+01
5.094405594405594373e-01 5.263838911869547132e+01
5.157342657342657288e-01 5.263950044438429643e+01
5.220279720279720204e-01 5.263978078448060671e+01
5.283216783216783119e-01 5.264075990284508322e+01
5.346153846153846034e-01 5.264364775007540231e+01
5.409090909090908950e-01 5.264363678980686956e+01
5.472027972027971865e-01 5.264389804621349356e+01
5.534965034965034780e-01 5.264513099888036152e+01
5.597902097902097696e-01 5.264515575797037883e+01
5.660839160839160611e-01 5.264711712017983558e+01
5.723776223776223526e-01 5.264804292398877550e+01
5.786713286713286442e-01 5.264811578026156980e+01
5.849650349650349357e-01 5.264856974046514893e+01
5.912587412587412272e-01 5.265084670357998675e+01
5.975524475524475188e-01 5.265121673167975302e+01
6.038461538461538103e-01 5.265139432512098239e+01
6.101398601398601018e-01 5.265049043590141764e+01
6.164335664335663933e-01 5.265216161068780565e+01
6.227272727272726849e-01 5.265240073765524187e+01
6.290209790209789764e-01 5.265288877748070462e+01
6.353146853146852679e-01 5.265257104800247845e+01
6.416083916083915595e-01 5.265412641693800566e+01
6.479020979020978510e-01 5.265384403921063239e+01
6.541958041958042536e-01 5.265483495734740416e+01
6.604895104895105451e-01 5.265480731268201708e+01
6.667832167832168366e-01 5.265571521752237771e+01
6.730769230769231282e-01 5.265561211985060908e+01
6.793706293706294197e-01 5.265587225280504668e+01
6.856643356643357112e-01 5.265673437899206277e+01
6.919580419580420028e-01 5.265544448938237565e+01
6.982517482517482943e-01 5.265587937081737380e+01
7.045454545454545858e-01 5.265577374540343669e+01
7.108391608391608774e-01 5.265690353289857484e+01
7.171328671328671689e-01 5.265621271039037055e+01
7.234265734265734604e-01 5.265637481008113241e+01
7.297202797202797520e-01 5.265607996824018500e+01
7.360139860139860435e-01 5.265530070326246914e+01
7.423076923076923350e-01 5.265624834933694132e+01
7.486013986013986266e-01 5.265660490030511909e+01
7.548951048951049181e-01 5.265608546087945285e+01
7.611888111888112096e-01 5.265614421330528216e+01
7.674825174825175012e-01 5.265623859032407950e+01
7.737762237762237927e-01 5.265680283335655787e+01
7.800699300699300842e-01 5.265581024122293030e+01
7.863636363636363757e-01 5.265523982758518429e+01
7.926573426573426673e-01 5.265583865861288615e+01
7.989510489510489588e-01 5.265496954231355886e+01
8.052447552447552503e-01 5.265525252667328715e+01
8.115384615384615419e-01 5.265599850713169161e+01
8.178321678321678334e-01 5.265464370950649453e+01
8.241258741258741249e-01 5.265448482642435835e+01
8.304195804195804165e-01 5.265484340934772689e+01
8.367132867132867080e-01 5.265390618633848874e+01
8.430069930069929995e-01 5.265130192346001081e+01
8.493006993006992911e-01 5.265334136445959956e+01
8.555944055944055826e-01 5.265386820349056762e+01
8.618881118881118741e-01 5.265272637706997472e+01
8.681818181818181657e-01 5.265247464396344412e+01
8.744755244755244572e-01 5.265267092466412180e+01
8.807692307692307487e-01 5.265215113722367590e+01
8.870629370629370403e-01 5.265207022020060634e+01
8.933566433566433318e-01 5.265140014541707814e+01
8.996503496503496233e-01 5.265113882651564836e+01
9.059440559440559149e-01 5.265115247669431398e+01
9.122377622377622064e-01 5.265084351384477657e+01
9.185314685314684979e-01 5.265036010133704281e+01
9.248251748251747895e-01 5.265033510866769717e+01
9.311188811188810810e-01 5.264983040245476076e+01
9.374125874125873725e-01 5.264989421019437543e+01
9.437062937062936641e-01 5.264975357794576638e+01
9.499999999999999556e-01 5.264940209578580976e+01
