 0.0291 0.0391 0.049100000000000005 0.0591 0.0691 0.0791 0.0891 0.09910000000000001 0.1091 0.1191 0.1291 0.1391 0.1491 0.15910000000000002 0.16910000000000003 0.17909999999999998 0.1891
0.0488 1.043702231133265 1.043702237952617 1.0437023728847168 1.0437023615563468 1.0437023892075226 1.043702342918578 1.043702442813937 1.043702433392593 1.0437024392272267 1.0437024703557147 1.0437024720727748 1.0437024663099272 1.0437024829190498 1.043702507850176 1.0437025200822259 1.043702523440525 1.0437025232944606
0.14880000000000002 1.0436850718854707 1.0436898777660553 1.0436921696474373 1.043693909474234 1.0436950528694329 1.0436959761716214 1.0436966050457368 1.0436971663822507 1.043697333006114 1.0436978748482875 1.0436981903453975 1.0436985070827824 1.0436985181599185 1.043698760572501 1.0436991256413835 1.0436993646704258 1.0436996054712782
0.24880000000000002 1.0434480900924628 1.043541717865861 1.0435896290394142 1.043617737510319 1.0436359361617775 1.0436485713771557 1.0436574404282597 1.0436638155321227 1.0436689629206457 1.0436730489228685 1.0436768226202582 1.0436792637834886 1.0436818692622278 1.0436834649247346 1.0436849707584925 1.0436862622547631 1.0436877358050252
0.34880000000000005 1.0412622454698235 1.0422682619670773 1.042770889694285 1.0430538926115782 1.0432271467917846 1.043341419215694 1.0434196805338125 1.0434745807761714 1.0435167296890497 1.0435469611366714 1.043571541685198 1.0435896480039282 1.0436052766794965 1.043615807005812 1.0436263502517378 1.0436344505744182 1.0436419629721378
0.44880000000000003 1.0317923956752308 1.03631582448165 1.038808054573711 1.0403096013918682 1.0412418306683728 1.0418721728735538 1.0422960369542034 1.0426010098451428 1.042822278862983 1.0429903877132536 1.0431130936443038 1.0432149967149298 1.0432893433524215 1.0433507396238373 1.0433997005745599 1.0434392433656197 1.0434740062341026
0.5488 1.013592773812377 1.0224874742099417 1.0285466836823765 1.0326021658448719 1.0354220943887575 1.0373976375431466 1.0388079314244203 1.0398395052506593 1.0406183194699163 1.04120389844839 1.041656078429794 1.042004369683012 1.0422826317603056 1.0425003861999815 1.0426832049593149 1.0428271535799787 1.042950188182708
0.6488 0.9955928973765703 1.005014111004104 1.013207705002477 1.0197396363788367 1.024821119815885 1.0287076975294762 1.0316836952980861 1.0339837054419074 1.0357873629807068 1.037183287762117 1.0383009653030302 1.0391890665994044 1.0399050755962433 1.0404812210904697 1.0409611025780812 1.0413474876901814 1.0416802429151577
0.7488 0.985122378394508 0.9908511309042912 0.9981239029480617 1.0053387583349864 1.011653976740088 1.0170224237795322 1.0214603839931815 1.0251294140139717 1.028133865354204 1.0306040600463557 1.0326293169137322 1.0343064462497749 1.0356917893679833 1.0368406940206818 1.0377873698016151 1.0385911121503832 1.0392650684230995
0.8488 0.9815454494506429 0.9825119627413083 0.9871572885933886 0.9930399911488924 0.9991814577712401 1.0049480448852 1.0102231254526144 1.0147910224261447 1.018741933812143 1.0221714955615018 1.0251105052439198 1.0276335091305135 1.0297558455902578 1.0315661180171105 1.033112450543613 1.0344566425878516 1.0355931747631213
0.9488 0.9822000821012903 0.9790950450645047 0.9804581538686823 0.9844440399935767 0.9893323152499314 0.9945865024053907 0.9997147412058739 1.0046416048155644 1.0091143276551424 1.0131785378270042 1.0167449104146358 1.0199487866168286 1.02272774655957 1.025161466835477 1.0273067189347371 1.0291778629603139 1.0308277617888746
1.0488 0.9844977384734023 0.978749643610085 0.9774508492588715 0.9790943895027412 0.9823761963744682 0.9866187128907185 0.9911715394932253 0.9957958170113391 1.0002855563689292 1.0045477190992302 1.0085104418035378 1.0121132967085433 1.0153703899846882 1.0183105388340437 1.020935572604607 1.0232827716786965 1.0253705445775414
