Memory Allocated. Setting minimizer next.
beta=3 & z0=0.05 & lbda=5
200 values of k read.
log10(k [h Mpc^-1])    P(k) [h^-3 Mpc^3]
  -4.000000e+00          4.213494e+02
  -3.978387e+00          4.420653e+02
  -3.956774e+00          4.637985e+02
  -3.935160e+00          4.865987e+02
  -3.913547e+00          5.105183e+02
  -3.891934e+00          5.356118e+02
  -3.870321e+00          5.619367e+02
  -3.848707e+00          5.895529e+02
  -3.827094e+00          6.185234e+02
  -3.805481e+00          6.489144e+02
  -3.783868e+00          6.807949e+02
  -3.762255e+00          7.142372e+02
  -3.740641e+00          7.493171e+02
  -3.719028e+00          7.861142e+02
  -3.697415e+00          8.247117e+02
  -3.675802e+00          8.651965e+02
  -3.654189e+00          9.076598e+02
  -3.632575e+00          9.521968e+02
  -3.610962e+00          9.989071e+02
  -3.589349e+00          1.047895e+03
  -3.567736e+00          1.099270e+03
  -3.546122e+00          1.153145e+03
  -3.524509e+00          1.209639e+03
  -3.502896e+00          1.268878e+03
  -3.481283e+00          1.330989e+03
  -3.459670e+00          1.396110e+03
  -3.438056e+00          1.464380e+03
  -3.416443e+00          1.535947e+03
  -3.394830e+00          1.610964e+03
  -3.373217e+00          1.689590e+03
  -3.351604e+00          1.771992e+03
  -3.329990e+00          1.858341e+03
  -3.308377e+00          1.948819e+03
  -3.286764e+00          2.043609e+03
  -3.265151e+00          2.142906e+03
  -3.243537e+00          2.246909e+03
  -3.221924e+00          2.355827e+03
  -3.200311e+00          2.469874e+03
  -3.178698e+00          2.589271e+03
  -3.157085e+00          2.714247e+03
  -3.135471e+00          2.845039e+03
  -3.113858e+00          2.981890e+03
  -3.092245e+00          3.125050e+03
  -3.070632e+00          3.274774e+03
  -3.049018e+00          3.431327e+03
  -3.027405e+00          3.594977e+03
  -3.005792e+00          3.765999e+03
  -2.984179e+00          3.944670e+03
  -2.962566e+00          4.131272e+03
  -2.940952e+00          4.326092e+03
  -2.919339e+00          4.529417e+03
  -2.897726e+00          4.741535e+03
  -2.876113e+00          4.962733e+03
  -2.854500e+00          5.193297e+03
  -2.832886e+00          5.433510e+03
  -2.811273e+00          5.683650e+03
  -2.789660e+00          5.943986e+03
  -2.768047e+00          6.214780e+03
  -2.746433e+00          6.496281e+03
  -2.724820e+00          6.788724e+03
  -2.703207e+00          7.092327e+03
  -2.681594e+00          7.407289e+03
  -2.659981e+00          7.733787e+03
  -2.638367e+00          8.071968e+03
  -2.616754e+00          8.421955e+03
  -2.595141e+00          8.783834e+03
  -2.573528e+00          9.157658e+03
  -2.551915e+00          9.543438e+03
  -2.530301e+00          9.941138e+03
  -2.508688e+00          1.035067e+04
  -2.487075e+00          1.077190e+04
  -2.465462e+00          1.120462e+04
  -2.443848e+00          1.164856e+04
  -2.422235e+00          1.210338e+04
  -2.400622e+00          1.256865e+04
  -2.379009e+00          1.304388e+04
  -2.357396e+00          1.352847e+04
  -2.335782e+00          1.402173e+04
  -2.314169e+00          1.452286e+04
  -2.292556e+00          1.503097e+04
  -2.270943e+00          1.554498e+04
  -2.249329e+00          1.606373e+04
  -2.227716e+00          1.658600e+04
  -2.206103e+00          1.711051e+04
  -2.184490e+00          1.763547e+04
  -2.162877e+00          1.815882e+04
  -2.141263e+00          1.867857e+04
  -2.119650e+00          1.919268e+04
  -2.098037e+00          1.969903e+04
  -2.076424e+00          2.019534e+04
  -2.054811e+00          2.067897e+04
  -2.033197e+00          2.114705e+04
  -2.011584e+00          2.159649e+04
  -1.989971e+00          2.202402e+04
  -1.968358e+00          2.242619e+04
  -1.946744e+00          2.279945e+04
  -1.925131e+00          2.314005e+04
  -1.903518e+00          2.344415e+04
  -1.881905e+00          2.370771e+04
  -1.860292e+00          2.392663e+04
  -1.838678e+00          2.409674e+04
  -1.817065e+00          2.421398e+04
  -1.795452e+00          2.427431e+04
  -1.773839e+00          2.427393e+04
  -1.752226e+00          2.420928e+04
  -1.730612e+00          2.407728e+04
  -1.708999e+00          2.387541e+04
  -1.687386e+00          2.360188e+04
  -1.665773e+00          2.325584e+04
  -1.644159e+00          2.283747e+04
  -1.622546e+00          2.234841e+04
  -1.600933e+00          2.179158e+04
  -1.579320e+00          2.117178e+04
  -1.557707e+00          2.049513e+04
  -1.536093e+00          1.976997e+04
  -1.514480e+00          1.900575e+04
  -1.492867e+00          1.821414e+04
  -1.471254e+00          1.740721e+04
  -1.449641e+00          1.659834e+04
  -1.428027e+00          1.580060e+04
  -1.406414e+00          1.502832e+04
  -1.384801e+00          1.429342e+04
  -1.363188e+00          1.360306e+04
  -1.341574e+00          1.296360e+04
  -1.319961e+00          1.238517e+04
  -1.298348e+00          1.187190e+04
  -1.276735e+00          1.141180e+04
  -1.255122e+00          1.099163e+04
  -1.233508e+00          1.059939e+04
  -1.211895e+00          1.022166e+04
  -1.190282e+00          9.843046e+03
  -1.168669e+00          9.445569e+03
  -1.147055e+00          9.010319e+03
  -1.125442e+00          8.526845e+03
  -1.103829e+00          7.998270e+03
  -1.082216e+00          7.440803e+03
  -1.060603e+00          6.879846e+03
  -1.038989e+00          6.342673e+03
  -1.017376e+00          5.851934e+03
  -9.957630e-01          5.426120e+03
  -9.741498e-01          5.075112e+03
  -9.525365e-01          4.791781e+03
  -9.309233e-01          4.555078e+03
  -9.093101e-01          4.337534e+03
  -8.876969e-01          4.106676e+03
  -8.660837e-01          3.856399e+03
  -8.444705e-01          3.585447e+03
  -8.228572e-01          3.313851e+03
  -8.012440e-01          3.063779e+03
  -7.796308e-01          2.850496e+03
  -7.580176e-01          2.674723e+03
  -7.364044e-01          2.521108e+03
  -7.147912e-01          2.372786e+03
  -6.931779e-01          2.220821e+03
  -6.715647e-01          2.069885e+03
  -6.499515e-01          1.929774e+03
  -6.283383e-01          1.806349e+03
  -6.067251e-01          1.697267e+03
  -5.851119e-01          1.594224e+03
  -5.634986e-01          1.495337e+03
  -5.418854e-01          1.402169e+03
  -5.202722e-01          1.317420e+03
  -4.986590e-01          1.240252e+03
  -4.770458e-01          1.167565e+03
  -4.554326e-01          1.099793e+03
  -4.338194e-01          1.037043e+03
  -4.122061e-01          9.795623e+02
  -3.905929e-01          9.257399e+02
  -3.689797e-01          8.754880e+02
  -3.473665e-01          8.292965e+02
  -3.257533e-01          7.861579e+02
  -3.041401e-01          7.458116e+02
  -2.825268e-01          7.084773e+02
  -2.609136e-01          6.734129e+02
  -2.393004e-01          6.406981e+02
  -2.176872e-01          6.100161e+02
  -1.960740e-01          5.811499e+02
  -1.744608e-01          5.540003e+02
  -1.528475e-01          5.283466e+02
  -1.312343e-01          5.040332e+02
  -1.096211e-01          4.809249e+02
  -8.800789e-02          4.589018e+02
  -6.639468e-02          4.378550e+02
  -4.478146e-02          4.176785e+02
  -2.316825e-02          3.982769e+02
  -1.555029e-03          3.795682e+02
   2.005819e-02          3.614819e+02
   4.167140e-02          3.439617e+02
   6.328462e-02          3.269636e+02
   8.489784e-02          3.104513e+02
   1.065111e-01          2.943956e+02
   1.281243e-01          2.787766e+02
   1.497375e-01          2.635884e+02
   1.713507e-01          2.488301e+02
   1.929639e-01          2.345026e+02
   2.145771e-01          2.206090e+02
   2.361903e-01          2.071659e+02
   2.578036e-01          1.941978e+02
   2.794168e-01          1.817247e+02
   3.010300e-01          1.697616e+02
l=2
