0 2 373.006 -130.388
0 3 324.294 -130.388
0 4 1094.93 -130.388
0 5 1605.13 -130.388
0 6 1637.86 -130.388
0 7 2377.09 -130.388
0 8 1845.11 -130.388
0 9 3275.81 -130.388
0 10 1757.25 -130.388
0 11 3594.73 -130.388
0 12 1212.65 -130.388
0 13 2418.2 -130.388
0 14 1367.33 -130.388
0 15 2493.99 -130.388
0 16 657.445 -130.388
0 17 1844.43 -130.388
0 18 844.962 -130.388
0 19 1376.02 -130.388
0 20 468.578 -130.388
0 21 568.121 -130.388
0 22 440.242 -130.388
0 23 548.934 -130.388
0 24 991.013 -130.388
0 25 686.567 -130.388
0 26 713.676 -130.388
0 27 919.004 -130.388
0 28 1385.65 -130.388
0 29 875.899 -130.388
0 30 1650.96 -130.388
0 31 1043.15 -130.388
0 32 1649.97 -130.388
0 33 1140.35 -130.388
0 34 1022.47 -130.388
0 35 669.065 -130.388
0 36 948.616 -130.388
0 37 1444.7 -130.388
0 38 1615.43 -130.388
0 39 1046.66 -130.388
0 40 1379.87 -130.388
0 41 1347.65 -130.388
0 42 1480.89 -130.388
0 43 1384.41 -130.388
0 44 1708.59 -130.388
0 45 1163.08 -130.388
0 46 915.36 -130.388
0 47 2156.36 -130.388
0 48 1309.71 -130.388
0 49 1124.14 -130.388
0 50 1485.48 -130.388
0 51 1101.1 -130.388
0 52 1567.65 -130.388
0 53 1099.62 -130.388
0 54 1306.86 -130.388
0 55 1720.12 -130.388
0 56 1506.66 -130.388
0 57 1351.77 -130.388
0 58 1281.96 -130.388
0 59 1293.13 -130.388
0 60 1308.81 -130.388
0 61 1620.16 -130.388
0 62 1850.24 -130.388
0 63 1435.77 -130.388
0 64 1295.97 -130.388
0 65 1340.04 -130.388
0 66 1652.61 -130.388
0 67 1860.4 -130.388
0 68 1741.87 -130.388
0 69 1675.16 -130.388
0 70 1987.02 -130.388
0 71 1859.58 -130.388
0 72 1587.83 -130.388
0 73 2086.01 -130.388
0 74 1588.06 -130.388
0 75 1822.73 -130.388
0 76 1402.1 -130.388
0 77 2210.25 -130.388
0 78 1926.35 -130.388
0 79 1521.98 -130.388
0 80 1814.28 -130.388
0 81 2041.09 -130.388
0 82 2149.42 -130.388
0 83 2099.98 -130.388
0 84 1774.01 -130.388
0 85 1866.8 -130.388
0 86 1936.09 -130.388
0 87 1916.3 -130.388
0 88 2295.71 -130.388
0 89 2382.37 -130.388
0 90 2411.98 -130.388
0 91 2120.94 -130.388
0 92 2366.66 -130.388
0 93 2181.18 -130.388
0 94 2653.16 -130.388
0 95 2166.91 -130.388
0 96 2307.17 -130.388
1 2 0.00408107 -130.388
1 3 0.00448126 -130.388
1 4 0.00510799 -130.388
1 5 0.00996715 -130.388
1 6 0.0030322 -130.388
1 7 0.00761606 -130.388
1 8 0.00395144 -130.388
1 9 0.00543162 -130.388
1 10 0.00290386 -130.388
1 11 0.00279365 -130.388
1 12 0.0028798 -130.388
1 13 0.00203995 -130.388
1 14 0.00186971 -130.388
1 15 0.00108495 -130.388
1 16 0.00160934 -130.388
1 17 0.0011189 -130.388
1 18 0.00135065 -130.388
1 19 0.00163585 -130.388
1 20 0.00138947 -130.388
1 21 0.00117498 -130.388
1 22 0.00114612 -130.388
1 23 0.0010873 -130.388
1 24 0.00121254 -130.388
1 25 0.000702621 -130.388
1 26 0.00101996 -130.388
1 27 0.00106695 -130.388
1 28 0.000780651 -130.388
1 29 0.000614143 -130.388
1 30 0.000980259 -130.388
1 31 0.000680178 -130.388
1 32 0.000775051 -130.388
1 33 0.00101353 -130.388
1 34 0.000738787 -130.388
1 35 0.00132906 -130.388
1 36 0.000626739 -130.388
1 37 0.00056374 -130.388
1 38 0.000771381 -130.388
1 39 0.000593774 -130.388
1 40 0.000735725 -130.388
1 41 0.000509984 -130.388
1 42 0.000565222 -130.388
1 43 0.000798057 -130.388
1 44 0.000573422 -130.388
1 45 0.000532814 -130.388
1 46 0.000394997 -130.388
1 47 0.000512507 -130.388
1 48 0.000554534 -130.388
1 49 0.00052985 -130.388
1 50 0.000771068 -130.388
1 51 0.000628526 -130.388
1 52 0.000447929 -130.388
1 53 0.000480663 -130.388
1 54 0.000435667 -130.388
1 55 0.000506353 -130.388
1 56 0.000473047 -130.388
1 57 0.00038172 -130.388
1 58 0.000294422 -130.388
1 59 0.000362221 -130.388
1 60 0.000294379 -130.388
1 61 0.000295368 -130.388
1 62 0.000323083 -130.388
1 63 0.000333505 -130.388
1 64 0.000300924 -130.388
1 65 0.000298008 -130.388
1 66 0.000263523 -130.388
1 67 0.000283287 -130.388
1 68 0.000301247 -130.388
1 69 0.000291814 -130.388
1 70 0.000289802 -130.388
1 71 0.000249119 -130.388
1 72 0.000242925 -130.388
1 73 0.000285442 -130.388
1 74 0.00022344 -130.388
1 75 0.000250388 -130.388
1 76 0.000233072 -130.388
1 77 0.000253652 -130.388
1 78 0.000248789 -130.388
1 79 0.000231814 -130.388
1 80 0.000221007 -130.388
1 81 0.00025474 -130.388
1 82 0.000235608 -130.388
1 83 0.000188998 -130.388
1 84 0.000218881 -130.388
1 85 0.000223379 -130.388
1 86 0.000233052 -130.388
1 87 0.000210997 -130.388
1 88 0.000193745 -130.388
1 89 0.00024484 -130.388
1 90 0.00021949 -130.388
1 91 0.000197945 -130.388
1 92 0.00021323 -130.388
1 93 0.000207578 -130.388
1 94 0.000198999 -130.388
1 95 0.000199573 -130.388
1 96 0.000222299 -130.388
2 2 -0.762524 -130.388
2 3 -0.0362057 -130.388
2 4 0.428496 -130.388
2 5 1.26396 -130.388
2 6 0.209097 -130.388
2 7 0.34448 -130.388
2 8 -0.301711 -130.388
2 9 0.740038 -130.388
2 10 -0.00511504 -130.388
2 11 0.248029 -130.388
2 12 0.0419704 -130.388
2 13 0.197094 -130.388
2 14 -0.0364442 -130.388
2 15 0.0788012 -130.388
2 16 0.0154112 -130.388
2 17 0.0587081 -130.388
2 18 -0.0743315 -130.388
2 19 0.0232271 -130.388
2 20 0.0218575 -130.388
2 21 0.000808556 -130.388
2 22 0.017295 -130.388
2 23 0.0340186 -130.388
2 24 -0.0275365 -130.388
2 25 -0.0118667 -130.388
2 26 0.0125884 -130.388
2 27 -0.0170265 -130.388
2 28 -0.0141945 -130.388
2 29 -0.00701184 -130.388
2 30 0.0251884 -130.388
2 31 -0.00112318 -130.388
2 32 -0.016931 -130.388
2 33 0.0295216 -130.388
2 34 -0.00339045 -130.388
2 35 0.0192608 -130.388
2 36 0.0211635 -130.388
2 37 0.00176697 -130.388
2 38 -0.00494868 -130.388
2 39 -0.00335054 -130.388
2 40 -0.0118388 -130.388
2 41 0.00451134 -130.388
2 42 0.00849507 -130.388
2 43 0.00325729 -130.388
2 44 -0.00411456 -130.388
2 45 0.0124495 -130.388
2 46 0.000845392 -130.388
2 47 0.00563641 -130.388
2 48 -0.0164461 -130.388
2 49 -0.00061017 -130.388
2 50 0.00690042 -130.388
2 51 -0.00448245 -130.388
2 52 -0.00309498 -130.388
2 53 0.00129647 -130.388
2 54 -0.00171904 -130.388
2 55 0.00072856 -130.388
2 56 -0.000807348 -130.388
2 57 -0.00496408 -130.388
2 58 0.000185058 -130.388
2 59 0.00204031 -130.388
2 60 3.63346e-05 -130.388
2 61 0.00150746 -130.388
2 62 -0.000206876 -130.388
2 63 0.00366341 -130.388
2 64 0.00113959 -130.388
2 65 -0.00181861 -130.388
2 66 0.00368967 -130.388
2 67 -0.00366449 -130.388
2 68 0.000117812 -130.388
2 69 -0.000551558 -130.388
2 70 3.1212e-05 -130.388
2 71 0.00170279 -130.388
2 72 -0.000404778 -130.388
2 73 0.00157887 -130.388
2 74 -0.003694 -130.388
2 75 -0.00369482 -130.388
2 76 0.000385467 -130.388
2 77 0.00330581 -130.388
2 78 0.00096066 -130.388
2 79 6.62186e-05 -130.388
2 80 0.00257441 -130.388
2 81 0.00024765 -130.388
2 82 0.00258481 -130.388
2 83 8.24479e-05 -130.388
2 84 -0.00121159 -130.388
2 85 0.00092715 -130.388
2 86 -0.0021597 -130.388
2 87 0.000252624 -130.388
2 88 -0.00140335 -130.388
2 89 0.00412277 -130.388
2 90 -0.0012318 -130.388
2 91 0.000995 -130.388
2 92 0.00195139 -130.388
2 93 0.000133069 -130.388
2 94 -0.000907618 -130.388
2 95 -0.000347508 -130.388
2 96 -0.00109302 -130.388
